-9.284000000e-007,-7.421875e-005
-9.282000000e-007,3.90625e-006
-9.280000000e-007,0.0002484375
-9.278000000e-007,0.0003359375
-9.276000000e-007,5.546875e-005
-9.274000000e-007,-0.00020234375
-9.272000000e-007,-4.453125e-005
-9.270000000e-007,0.00019921875
-9.268000000e-007,0.00010078125
-9.266000000e-007,0.00013671875
-9.264000000e-007,-0.00029296875
-9.262000000e-007,-0.00010234375
-9.260000000e-007,-0.000390625
-9.258000000e-007,-0.000303125
-9.256000000e-007,-0.00049765625
-9.254000000e-007,-0.000315625
-9.252000000e-007,0.0001046875
-9.250000000e-007,2.421875e-005
-9.248000000e-007,-0.00020078125
-9.246000000e-007,-0.00019921875
-9.244000000e-007,-0.0001953125
-9.242000000e-007,-7.8125e-007
-9.240000000e-007,-0.000103125
-9.238000000e-007,0.0001078125
-9.236000000e-007,0.00040078125
-9.234000000e-007,0.00030078125
-9.232000000e-007,0.00051953125
-9.230000000e-007,0.000484375
-9.228000000e-007,0.00028125
-9.226000000e-007,0.000171875
-9.224000000e-007,-0.00013828125
-9.222000000e-007,-8.359375e-005
-9.220000000e-007,9.375e-006
-9.218000000e-007,-2.34375e-006
-9.216000000e-007,-7.8125e-007
-9.214000000e-007,2.34375e-006
-9.212000000e-007,0.00015078125
-9.210000000e-007,0.00029296875
-9.208000000e-007,0.00020703125
-9.206000000e-007,0.00029140625
-9.204000000e-007,0.00022109375
-9.202000000e-007,0.00039296875
-9.200000000e-007,0.00018671875
-9.198000000e-007,0.00030234375
-9.196000000e-007,0.0001875
-9.194000000e-007,0.00020859375
-9.192000000e-007,0.0002953125
-9.190000000e-007,0.00032578125
-9.188000000e-007,0.000628125
-9.186000000e-007,0.00038125
-9.184000000e-007,0.000203125
-9.182000000e-007,0.0003
-9.180000000e-007,0.00018046875
-9.178000000e-007,0.00021015625
-9.176000000e-007,0.0003953125
-9.174000000e-007,0.0002
-9.172000000e-007,0.000296875
-9.170000000e-007,2.34375e-006
-9.168000000e-007,4.6875e-006
-9.166000000e-007,0.000184375
-9.164000000e-007,0.0005
-9.162000000e-007,0.00031015625
-9.160000000e-007,0.000203125
-9.158000000e-007,3.671875e-005
-9.156000000e-007,-0.0001828125
-9.154000000e-007,-0.0003703125
-9.152000000e-007,-0.0004890625
-9.150000000e-007,-0.0004578125
-9.148000000e-007,-0.000159375
-9.146000000e-007,-6.71875e-005
-9.144000000e-007,-0.00029609375
-9.142000000e-007,-6.015625e-005
-9.140000000e-007,0.00010703125
-9.138000000e-007,3.90625e-006
-9.136000000e-007,0.00016796875
-9.134000000e-007,0.00049375
-9.132000000e-007,0.0003171875
-9.130000000e-007,0.00014765625
-9.128000000e-007,-0.000465625
-9.126000000e-007,-0.00061875
-9.124000000e-007,-0.00041015625
-9.122000000e-007,-0.0001125
-9.120000000e-007,-1.328125e-005
-9.118000000e-007,0.00023125
-9.116000000e-007,-0.0002796875
-9.114000000e-007,-0.00012109375
-9.112000000e-007,-9.921875e-005
-9.110000000e-007,-0.000103125
-9.108000000e-007,-0.0001
-9.106000000e-007,-0.0001
-9.104000000e-007,-9.765625e-005
-9.102000000e-007,-9.53125e-005
-9.100000000e-007,-0.000196875
-9.098000000e-007,0.00016875
-9.096000000e-007,0.00050078125
-9.094000000e-007,0.00040234375
-9.092000000e-007,0.00029296875
-9.090000000e-007,9.375e-005
-9.088000000e-007,-9.453125e-005
-9.086000000e-007,0.0001
-9.084000000e-007,2.34375e-006
-9.082000000e-007,0.0002
-9.080000000e-007,-0.0001265625
-9.078000000e-007,-0.0003015625
-9.076000000e-007,-0.00039609375
-9.074000000e-007,-8.59375e-005
-9.072000000e-007,0.00023125
-9.070000000e-007,0.00050078125
-9.068000000e-007,0.00028203125
-9.066000000e-007,0.0002984375
-9.064000000e-007,0.00030078125
-9.062000000e-007,0.0004
-9.060000000e-007,0.00029296875
-9.058000000e-007,0.00020078125
-9.056000000e-007,-3.125e-006
-9.054000000e-007,-8.125e-005
-9.052000000e-007,-0.00040078125
-9.050000000e-007,-0.00020703125
-9.048000000e-007,-0.00019921875
-9.046000000e-007,-1.09375e-005
-9.044000000e-007,0.0003046875
-9.042000000e-007,0.00037890625
-9.040000000e-007,0.00060390625
-9.038000000e-007,7.109375e-005
-9.036000000e-007,-0.00021640625
-9.034000000e-007,0.0001734375
-9.032000000e-007,0.0002078125
-9.030000000e-007,0.00012578125
-9.028000000e-007,-0.00028046875
-9.026000000e-007,-0.000478125
-9.024000000e-007,-0.00061875
-9.022000000e-007,-0.00023203125
-9.020000000e-007,-0.000140625
-9.018000000e-007,0.000484375
-9.016000000e-007,5.546875e-005
-9.014000000e-007,0.00025234375
-9.012000000e-007,0.00011953125
-9.010000000e-007,7.890625e-005
-9.008000000e-007,0.000190625
-9.006000000e-007,0.00038828125
-9.004000000e-007,0.0004
-9.002000000e-007,0.000521875
-9.000000000e-007,0.000190625
-8.998000000e-007,0.00020625
-8.996000000e-007,-0.00011640625
-8.994000000e-007,-0.00029609375
-8.992000000e-007,-0.0002921875
-8.990000000e-007,-5.46875e-006
-8.988000000e-007,0.00010703125
-8.986000000e-007,1.484375e-005
-8.984000000e-007,-0.00041484375
-8.982000000e-007,-0.0002015625
-8.980000000e-007,-7.109375e-005
-8.978000000e-007,0.000296875
-8.976000000e-007,0.00030859375
-8.974000000e-007,0.00028203125
-8.972000000e-007,-0.00010625
-8.970000000e-007,0.00020390625
-8.968000000e-007,0.000103125
-8.966000000e-007,0.000425
-8.964000000e-007,0.0004796875
-8.962000000e-007,0.00016015625
-8.960000000e-007,-0.000115625
-8.958000000e-007,1.171875e-005
-8.956000000e-007,0.0001671875
-8.954000000e-007,0.0004046875
-8.952000000e-007,0.00027109375
-8.950000000e-007,0.0001625
-8.948000000e-007,-1.40625e-005
-8.946000000e-007,0.00011875
-8.944000000e-007,6.71875e-005
-8.942000000e-007,1.40625e-005
-8.940000000e-007,0.00029609375
-8.938000000e-007,0.0002359375
-8.936000000e-007,-0.00026484375
-8.934000000e-007,-0.0001953125
-8.932000000e-007,-0.00018046875
-8.930000000e-007,0.0001328125
-8.928000000e-007,0.00029296875
-8.926000000e-007,0.0002015625
-8.924000000e-007,0.0002953125
-8.922000000e-007,3.125e-006
-8.920000000e-007,-0.00019921875
-8.918000000e-007,-0.0001
-8.916000000e-007,-6.484375e-005
-8.914000000e-007,0.000303125
-8.912000000e-007,-1.875e-005
-8.910000000e-007,9.84375e-005
-8.908000000e-007,-0.0001046875
-8.906000000e-007,-0.00011171875
-8.904000000e-007,-9.609375e-005
-8.902000000e-007,-0.0001140625
-8.900000000e-007,8.203125e-005
-8.898000000e-007,0.00015
-8.896000000e-007,-0.00018046875
-8.894000000e-007,-0.00019765625
-8.892000000e-007,-0.00029765625
-8.890000000e-007,-0.00013046875
-8.888000000e-007,-0.00018828125
-8.886000000e-007,-4.765625e-005
-8.884000000e-007,-2.65625e-005
-8.882000000e-007,0.00023046875
-8.880000000e-007,0.00024296875
-8.878000000e-007,-5.078125e-005
-8.876000000e-007,-0.00012578125
-8.874000000e-007,9.609375e-005
-8.872000000e-007,-1.5625e-006
-8.870000000e-007,0.00019375
-8.868000000e-007,-0.0001703125
-8.866000000e-007,-0.0006890625
-8.864000000e-007,-0.0005140625
-8.862000000e-007,-0.00040703125
-8.860000000e-007,-0.0001078125
-8.858000000e-007,0.0004875
-8.856000000e-007,0.000496875
-8.854000000e-007,4.21875e-005
-8.852000000e-007,-0.00040078125
-8.850000000e-007,-0.0005
-8.848000000e-007,-0.00028828125
-8.846000000e-007,-1.5625e-006
-8.844000000e-007,9.375e-006
-8.842000000e-007,0.0003
-8.840000000e-007,8.984375e-005
-8.838000000e-007,0.0002015625
-8.836000000e-007,9.6875e-005
-8.834000000e-007,0.00020703125
-8.832000000e-007,0.0003265625
-8.830000000e-007,0.0002515625
-8.828000000e-007,-0.00026015625
-8.826000000e-007,-0.00030625
-8.824000000e-007,-0.0003890625
-8.822000000e-007,-0.0001890625
-8.820000000e-007,-4.296875e-005
-8.818000000e-007,-4.921875e-005
-8.816000000e-007,-0.00036796875
-8.814000000e-007,0.000128125
-8.812000000e-007,-3.046875e-005
-8.810000000e-007,0.00011640625
-8.808000000e-007,7.578125e-005
-8.806000000e-007,3.125e-006
-8.804000000e-007,0.000115625
-8.802000000e-007,9.21875e-005
-8.800000000e-007,0.0001203125
-8.798000000e-007,0.00029609375
-8.796000000e-007,0.0002265625
-8.794000000e-007,0.00049921875
-8.792000000e-007,0.0002796875
-8.790000000e-007,0.0004
-8.788000000e-007,0.00015234375
-8.786000000e-007,0.00010625
-8.784000000e-007,0.00042734375
-8.782000000e-007,0.0002828125
-8.780000000e-007,0.00012421875
-8.778000000e-007,0.000396875
-8.776000000e-007,-0.00011015625
-8.774000000e-007,9.921875e-005
-8.772000000e-007,-0.0003171875
-8.770000000e-007,-0.0002125
-8.768000000e-007,-0.0001
-8.766000000e-007,-0.00019140625
-8.764000000e-007,-0.000303125
-8.762000000e-007,-0.000196875
-8.760000000e-007,-0.00029921875
-8.758000000e-007,-7.65625e-005
-8.756000000e-007,0.00024765625
-8.754000000e-007,0.00039296875
-8.752000000e-007,-0.000196875
-8.750000000e-007,-0.00032578125
-8.748000000e-007,-0.00028671875
-8.746000000e-007,-0.00033984375
-8.744000000e-007,6.015625e-005
-8.742000000e-007,6.40625e-005
-8.740000000e-007,-0.00029921875
-8.738000000e-007,-2.65625e-005
-8.736000000e-007,-0.0001671875
-8.734000000e-007,-0.0003125
-8.732000000e-007,-0.00019921875
-8.730000000e-007,-0.00023671875
-8.728000000e-007,0.00028671875
-8.726000000e-007,0.000309375
-8.724000000e-007,0.00030390625
-8.722000000e-007,0.00011640625
-8.720000000e-007,9.6875e-005
-8.718000000e-007,1.796875e-005
-8.716000000e-007,-0.0001015625
-8.714000000e-007,0.00028515625
-8.712000000e-007,0.0002125
-8.710000000e-007,-8.984375e-005
-8.708000000e-007,-0.000309375
-8.706000000e-007,-0.0005953125
-8.704000000e-007,-0.00037890625
-8.702000000e-007,7.65625e-005
-8.700000000e-007,0.00019921875
-8.698000000e-007,-9.6875e-005
-8.696000000e-007,-0.00011015625
-8.694000000e-007,-0.00029609375
-8.692000000e-007,0.000234375
-8.690000000e-007,0.00029921875
-8.688000000e-007,-1.796875e-005
-8.686000000e-007,-0.00050234375
-8.684000000e-007,-0.00038125
-8.682000000e-007,-0.00030078125
-8.680000000e-007,-0.0003921875
-8.678000000e-007,1.015625e-005
-8.676000000e-007,4.6875e-006
-8.674000000e-007,0.00020390625
-8.672000000e-007,7.578125e-005
-8.670000000e-007,-9.921875e-005
-8.668000000e-007,-9.6875e-005
-8.666000000e-007,9.84375e-005
-8.664000000e-007,0.0003125
-8.662000000e-007,0.0004
-8.660000000e-007,0.00029453125
-8.658000000e-007,0.000109375
-8.656000000e-007,0.00010078125
-8.654000000e-007,0.00030546875
-8.652000000e-007,0.000103125
-8.650000000e-007,0.00040234375
-8.648000000e-007,-7.8125e-006
-8.646000000e-007,0.00028125
-8.644000000e-007,0.00011015625
-8.642000000e-007,-8.59375e-005
-8.640000000e-007,-0.00020234375
-8.638000000e-007,-3.4375e-005
-8.636000000e-007,0.00027890625
-8.634000000e-007,0.000390625
-8.632000000e-007,0.0004984375
-8.630000000e-007,0.00041796875
-8.628000000e-007,0.00030703125
-8.626000000e-007,0.000221875
-8.624000000e-007,9.53125e-005
-8.622000000e-007,0.000275
-8.620000000e-007,0.000234375
-8.618000000e-007,-1.71875e-005
-8.616000000e-007,-0.00039453125
-8.614000000e-007,-0.00015390625
-8.612000000e-007,-2.22346149e-020
-8.610000000e-007,0.00013203125
-8.608000000e-007,0.00050078125
-8.606000000e-007,0.0005015625
-8.604000000e-007,0.00049453125
-8.602000000e-007,0.00013203125
-8.600000000e-007,-0.0002078125
-8.598000000e-007,-0.0002078125
-8.596000000e-007,0.00012890625
-8.594000000e-007,0.000596875
-8.592000000e-007,0.00035625
-8.590000000e-007,0.000103125
-8.588000000e-007,-2.578125e-005
-8.586000000e-007,-0.0002015625
-8.584000000e-007,-1.171875e-005
-8.582000000e-007,-0.00020703125
-8.580000000e-007,0.0004859375
-8.578000000e-007,0.00038046875
-8.576000000e-007,8.515625e-005
-8.574000000e-007,-1.484375e-005
-8.572000000e-007,-0.00029296875
-8.570000000e-007,0.00012578125
-8.568000000e-007,0.0001953125
-8.566000000e-007,-4.921875e-005
-8.564000000e-007,-0.0005625
-8.562000000e-007,-0.000359375
-8.560000000e-007,-1.875e-005
-8.558000000e-007,0.000225
-8.556000000e-007,0.00032890625
-8.554000000e-007,0.00024921875
-8.552000000e-007,-4.609375e-005
-8.550000000e-007,-0.00013359375
-8.548000000e-007,-0.00028984375
-8.546000000e-007,6.40625e-005
-8.544000000e-007,0.00017734375
-8.542000000e-007,0.00011875
-8.540000000e-007,0.000315625
-8.538000000e-007,7.421875e-005
-8.536000000e-007,-0.000109375
-8.534000000e-007,1.875e-005
-8.532000000e-007,0.00024296875
-8.530000000e-007,0.0001921875
-8.528000000e-007,-0.00012265625
-8.526000000e-007,-3.125e-006
-8.524000000e-007,8.828125e-005
-8.522000000e-007,-9.6875e-005
-8.520000000e-007,-8.4375e-005
-8.518000000e-007,3.125e-006
-8.516000000e-007,1.953125e-005
-8.514000000e-007,0.0003
-8.512000000e-007,-0.0001125
-8.510000000e-007,-0.0005078125
-8.508000000e-007,-0.00030859375
-8.506000000e-007,-0.0002453125
-8.504000000e-007,0.000271875
-8.502000000e-007,0.00011171875
-8.500000000e-007,-0.0002921875
-8.498000000e-007,-0.00020859375
-8.496000000e-007,-0.000290625
-8.494000000e-007,-0.0001515625
-8.492000000e-007,-4.84375e-005
-8.490000000e-007,0.00035625
-8.488000000e-007,0.00059140625
-8.486000000e-007,0.00061953125
-8.484000000e-007,0.0004359375
-8.482000000e-007,0.0002953125
-8.480000000e-007,0.0003796875
-8.478000000e-007,0.00055859375
-8.476000000e-007,0.0007109375
-8.474000000e-007,0.000284375
-8.472000000e-007,-0.000103125
-8.470000000e-007,0.00010703125
-8.468000000e-007,-0.00028125
-8.466000000e-007,-0.00039609375
-8.464000000e-007,-0.00059765625
-8.462000000e-007,-0.00060625
-8.460000000e-007,-0.0004
-8.458000000e-007,-0.00057421875
-8.456000000e-007,-0.00069921875
-8.454000000e-007,-0.00021328125
-8.452000000e-007,0.00020546875
-8.450000000e-007,0.00010078125
-8.448000000e-007,-0.00010390625
-8.446000000e-007,-9.84375e-005
-8.444000000e-007,-0.00010625
-8.442000000e-007,-9.53125e-005
-8.440000000e-007,0.0002265625
-8.438000000e-007,0.00028671875
-8.436000000e-007,8.203125e-005
-8.434000000e-007,-3.4375e-005
-8.432000000e-007,-0.000465625
-8.430000000e-007,-0.00035625
-8.428000000e-007,-0.00011484375
-8.426000000e-007,-0.00016171875
-8.424000000e-007,0.00035546875
-8.422000000e-007,6.40625e-005
-8.420000000e-007,2.96875e-005
-8.418000000e-007,8.125e-005
-8.416000000e-007,-0.00013046875
-8.414000000e-007,-9.84375e-005
-8.412000000e-007,-8.59375e-005
-8.410000000e-007,-0.000128125
-8.408000000e-007,-0.00040078125
-8.406000000e-007,-0.00019921875
-8.404000000e-007,-0.000421875
-8.402000000e-007,-0.00050234375
-8.400000000e-007,-0.00032265625
-8.398000000e-007,0.000228125
-8.396000000e-007,0.0001953125
-8.394000000e-007,0.00018828125
-8.392000000e-007,-0.0001265625
-8.390000000e-007,-0.00020625
-8.388000000e-007,-0.00038203125
-8.386000000e-007,0.000121875
-8.384000000e-007,0.00029609375
-8.382000000e-007,0.0003015625
-8.380000000e-007,0.000390625
-8.378000000e-007,1.5625e-006
-8.376000000e-007,-0.00010078125
-8.374000000e-007,-0.00019609375
-8.372000000e-007,-0.0002
-8.370000000e-007,-0.0001
-8.368000000e-007,-0.00010625
-8.366000000e-007,0.0001046875
-8.364000000e-007,-9.140625e-005
-8.362000000e-007,0.000115625
-8.360000000e-007,0.0004515625
-8.358000000e-007,0.0006890625
-8.356000000e-007,0.00056875
-8.354000000e-007,0.0002421875
-8.352000000e-007,1.796875e-005
-8.350000000e-007,-0.00010390625
-8.348000000e-007,-7.8125e-006
-8.346000000e-007,-6.25e-006
-8.344000000e-007,0.000171875
-8.342000000e-007,0.000334375
-8.340000000e-007,-0.00015625
-8.338000000e-007,-0.0003078125
-8.336000000e-007,-0.000296875
-8.334000000e-007,-0.000309375
-8.332000000e-007,-0.0001125
-8.330000000e-007,0.0002734375
-8.328000000e-007,0.00040078125
-8.326000000e-007,0.000246875
-8.324000000e-007,-9.609375e-005
-8.322000000e-007,8.984375e-005
-8.320000000e-007,0.0001
-8.318000000e-007,0.00030234375
-8.316000000e-007,7.8125e-006
-8.314000000e-007,8.984375e-005
-8.312000000e-007,0.000203125
-8.310000000e-007,0.0003
-8.308000000e-007,0.00019375
-8.306000000e-007,0.00019453125
-8.304000000e-007,0.0003
-8.302000000e-007,0.0002046875
-8.300000000e-007,-0.00011328125
-8.298000000e-007,-9.765625e-005
-8.296000000e-007,-0.0001015625
-8.294000000e-007,-0.00010078125
-8.292000000e-007,-9.453125e-005
-8.290000000e-007,0.0001
-8.288000000e-007,5.46875e-006
-8.286000000e-007,9.453125e-005
-8.284000000e-007,-0.0003015625
-8.282000000e-007,8.59375e-006
-8.280000000e-007,-0.00011640625
-8.278000000e-007,-0.000203125
-8.276000000e-007,-0.00030234375
-8.274000000e-007,-0.000203125
-8.272000000e-007,-0.00020234375
-8.270000000e-007,-0.00030078125
-8.268000000e-007,3.046875e-005
-8.266000000e-007,0.00029921875
-8.264000000e-007,0.00019296875
-8.262000000e-007,7.03125e-006
-8.260000000e-007,-0.00010078125
-8.258000000e-007,-0.000196875
-8.256000000e-007,-8.828125e-005
-8.254000000e-007,0.00039296875
-8.252000000e-007,0.0004
-8.250000000e-007,0.00043046875
-8.248000000e-007,-9.0625e-005
-8.246000000e-007,-9.0625e-005
-8.244000000e-007,-0.0003015625
-8.242000000e-007,6.484375e-005
-8.240000000e-007,0.00011171875
-8.238000000e-007,1.875e-005
-8.236000000e-007,-0.00028359375
-8.234000000e-007,-0.00041015625
-8.232000000e-007,-0.00022734375
-8.230000000e-007,5.3125e-005
-8.228000000e-007,0.000375
-8.226000000e-007,0.00044140625
-8.224000000e-007,0.000128125
-8.222000000e-007,0.00011328125
-8.220000000e-007,-8.671875e-005
-8.218000000e-007,-4.53125e-005
-8.216000000e-007,0.00019453125
-8.214000000e-007,0.00019453125
-8.212000000e-007,0.0003
-8.210000000e-007,0.00024296875
-8.208000000e-007,-0.0001078125
-8.206000000e-007,-9.53125e-005
-8.204000000e-007,-0.00030703125
-8.202000000e-007,-0.00029921875
-8.200000000e-007,-0.0002890625
-8.198000000e-007,9.375e-005
-8.196000000e-007,7.1875e-005
-8.194000000e-007,-0.00028671875
-8.192000000e-007,-0.0004984375
-8.190000000e-007,-0.0003015625
-8.188000000e-007,-0.0001921875
-8.186000000e-007,-5.46875e-006
-8.184000000e-007,0.0001890625
-8.182000000e-007,-0.00011015625
-8.180000000e-007,-7.03125e-005
-8.178000000e-007,-4.6875e-006
-8.176000000e-007,-7.5e-005
-8.174000000e-007,0.00021171875
-8.172000000e-007,0.0003421875
-8.170000000e-007,0.000465625
-8.168000000e-007,0.00011875
-8.166000000e-007,0.00050078125
-8.164000000e-007,0.0003
-8.162000000e-007,0.00048515625
-8.160000000e-007,0.00011328125
-8.158000000e-007,-2.34375e-005
-8.156000000e-007,-8.984375e-005
-8.154000000e-007,2.34375e-006
-8.152000000e-007,-0.00015234375
-8.150000000e-007,-0.00016640625
-8.148000000e-007,-2.22346149e-020
-8.146000000e-007,-8.90625e-005
-8.144000000e-007,0.00014765625
-8.142000000e-007,8.515625e-005
-8.140000000e-007,0.00016640625
-8.138000000e-007,0.00062109375
-8.136000000e-007,0.0005640625
-8.134000000e-007,0.00060546875
-8.132000000e-007,0.00067265625
-8.130000000e-007,0.0003015625
-8.128000000e-007,0.0003171875
-8.126000000e-007,0.000303125
-8.124000000e-007,0.000203125
-8.122000000e-007,0.00021171875
-8.120000000e-007,-0.00011953125
-8.118000000e-007,-0.0001
-8.116000000e-007,-0.00020234375
-8.114000000e-007,-0.00018984375
-8.112000000e-007,-0.0003015625
-8.110000000e-007,-0.0001953125
-8.108000000e-007,-0.0003875
-8.106000000e-007,-0.0003390625
-8.104000000e-007,-0.0002046875
-8.102000000e-007,-0.00013359375
-8.100000000e-007,5.15625e-005
-8.098000000e-007,0.00029140625
-8.096000000e-007,0.00021796875
-8.094000000e-007,0.00023515625
-8.092000000e-007,3.4375e-005
-8.090000000e-007,8.90625e-005
-8.088000000e-007,-6.40625e-005
-8.086000000e-007,-0.000125
-8.084000000e-007,-2.265625e-005
-8.082000000e-007,0.0001125
-8.080000000e-007,-9.375e-006
-8.078000000e-007,0.00029765625
-8.076000000e-007,-8.046875e-005
-8.074000000e-007,-0.00028359375
-8.072000000e-007,-0.0004984375
-8.070000000e-007,-0.00024453125
-8.068000000e-007,0.0001984375
-8.066000000e-007,4.6875e-006
-8.064000000e-007,0.00010234375
-8.062000000e-007,-6.015625e-005
-8.060000000e-007,-0.0005
-8.058000000e-007,-0.0004015625
-8.056000000e-007,-0.00049921875
-8.054000000e-007,-0.000203125
-8.052000000e-007,0.0002078125
-8.050000000e-007,0.00019921875
-8.048000000e-007,0.00031484375
-8.046000000e-007,0.00039765625
-8.044000000e-007,0.000184375
-8.042000000e-007,9.453125e-005
-8.040000000e-007,0.00013984375
-8.038000000e-007,0.00041015625
-8.036000000e-007,0.00026484375
-8.034000000e-007,0.0002015625
-8.032000000e-007,0.00018984375
-8.030000000e-007,-3.671875e-005
-8.028000000e-007,-0.0001578125
-8.026000000e-007,-3.203125e-005
-8.024000000e-007,-0.000421875
-8.022000000e-007,-4.375e-005
-8.020000000e-007,0.0002875
-8.018000000e-007,0.000478125
-8.016000000e-007,2.03125e-005
-8.014000000e-007,-0.00021640625
-8.012000000e-007,-0.00028984375
-8.010000000e-007,-0.00020390625
-8.008000000e-007,-0.000428125
-8.006000000e-007,-0.0004859375
-8.004000000e-007,-0.00015625
-8.002000000e-007,2.34375e-005
-8.000000000e-007,0.0002125
-7.998000000e-007,9.453125e-005
-7.996000000e-007,-3.28125e-005
-7.994000000e-007,-0.0003046875
-7.992000000e-007,-0.000146875
-7.990000000e-007,0.00020234375
-7.988000000e-007,0.00010625
-7.986000000e-007,0.0002984375
-7.984000000e-007,-1.40625e-005
-7.982000000e-007,-1.5625e-006
-7.980000000e-007,-6.25e-006
-7.978000000e-007,-0.00010234375
-7.976000000e-007,-2.22346149e-020
-7.974000000e-007,-0.0001875
-7.972000000e-007,-0.00030234375
-7.970000000e-007,-0.000278125
-7.968000000e-007,-0.00040703125
-7.966000000e-007,-4.6875e-006
-7.964000000e-007,0.0003546875
-7.962000000e-007,0.00064296875
-7.960000000e-007,0.0007359375
-7.958000000e-007,0.00045859375
-7.956000000e-007,0.0001984375
-7.954000000e-007,0.00036953125
-7.952000000e-007,0.00048203125
-7.950000000e-007,0.0006953125
-7.948000000e-007,0.0004390625
-7.946000000e-007,5.078125e-005
-7.944000000e-007,-0.0002875
-7.942000000e-007,-0.00022109375
-7.940000000e-007,-0.00010390625
-7.938000000e-007,-8.203125e-005
-7.936000000e-007,-0.0002046875
-7.934000000e-007,9.21875e-005
-7.932000000e-007,-9.140625e-005
-7.930000000e-007,-1.640625e-005
-7.928000000e-007,7.8125e-007
-7.926000000e-007,7.8125e-006
-7.924000000e-007,-0.00010078125
-7.922000000e-007,9.609375e-005
-7.920000000e-007,7.8125e-007
-7.918000000e-007,0.00018671875
-7.916000000e-007,0.0002984375
-7.914000000e-007,0.000203125
-7.912000000e-007,8.90625e-005
-7.910000000e-007,-0.0001921875
-7.908000000e-007,-0.00020078125
-7.906000000e-007,-0.0003984375
-7.904000000e-007,-0.00028125
-7.902000000e-007,-0.0001015625
-7.900000000e-007,-0.0001953125
-7.898000000e-007,-0.00010234375
-7.896000000e-007,-0.000396875
-7.894000000e-007,2.34375e-006
-7.892000000e-007,-0.00010234375
-7.890000000e-007,0.00010078125
-7.888000000e-007,-2.34375e-006
-7.886000000e-007,-3.90625e-006
-7.884000000e-007,-9.375e-005
-7.882000000e-007,0.0001015625
-7.880000000e-007,-2.03125e-005
-7.878000000e-007,-0.00019765625
-7.876000000e-007,-0.000403125
-7.874000000e-007,-0.00030234375
-7.872000000e-007,0.0002265625
-7.870000000e-007,0.0003
-7.868000000e-007,0.00018828125
-7.866000000e-007,-0.00028671875
-7.864000000e-007,-0.00030078125
-7.862000000e-007,-0.00040390625
-7.860000000e-007,1.875e-005
-7.858000000e-007,0.0003984375
-7.856000000e-007,0.0001953125
-7.854000000e-007,0.00029609375
-7.852000000e-007,0.000203125
-7.850000000e-007,0.00013125
-7.848000000e-007,-0.00019921875
-7.846000000e-007,7.5e-005
-7.844000000e-007,9.375e-005
-7.842000000e-007,0.0002921875
-7.840000000e-007,0.0002875
-7.838000000e-007,0.0006984375
-7.836000000e-007,0.00018046875
-7.834000000e-007,-0.00019375
-7.832000000e-007,-0.000125
-7.830000000e-007,0.0001734375
-7.828000000e-007,0.00020078125
-7.826000000e-007,0.00033671875
-7.824000000e-007,0.000596875
-7.822000000e-007,0.00042265625
-7.820000000e-007,0.00040234375
-7.818000000e-007,0.0003484375
-7.816000000e-007,0.00069921875
-7.814000000e-007,0.00034921875
-7.812000000e-007,0.000196875
-7.810000000e-007,2.34375e-005
-7.808000000e-007,-0.00031015625
-7.806000000e-007,-0.0003078125
-7.804000000e-007,-8.59375e-005
-7.802000000e-007,0.0001
-7.800000000e-007,-6.25e-006
-7.798000000e-007,3.125e-006
-7.796000000e-007,-9.375e-005
-7.794000000e-007,0.0001
-7.792000000e-007,-5.46875e-006
-7.790000000e-007,0.00019453125
-7.788000000e-007,0.000409375
-7.786000000e-007,0.00029140625
-7.784000000e-007,0.00020859375
-7.782000000e-007,0.0001890625
-7.780000000e-007,3.515625e-005
-7.778000000e-007,0.0004046875
-7.776000000e-007,0.00031796875
-7.774000000e-007,0.000478125
-7.772000000e-007,3.90625e-005
-7.770000000e-007,0.00010078125
-7.768000000e-007,-2.421875e-005
-7.766000000e-007,0.00015078125
-7.764000000e-007,0.00026953125
-7.762000000e-007,-3.75e-005
-7.760000000e-007,8.203125e-005
-7.758000000e-007,0.0001671875
-7.756000000e-007,3.28125e-005
-7.754000000e-007,0.0003046875
-7.752000000e-007,0.00020625
-7.750000000e-007,0.00027578125
-7.748000000e-007,0.0001296875
-7.746000000e-007,0.00051640625
-7.744000000e-007,0.000484375
-7.742000000e-007,0.00038046875
-7.740000000e-007,0.00019375
-7.738000000e-007,0.00040390625
-7.736000000e-007,0.00050703125
-7.734000000e-007,0.000403125
-7.732000000e-007,7.5e-005
-7.730000000e-007,0.00019609375
-7.728000000e-007,0.00032578125
-7.726000000e-007,0.00050625
-7.724000000e-007,0.0002953125
-7.722000000e-007,0.000309375
-7.720000000e-007,-0.0003078125
-7.718000000e-007,-0.00021953125
-7.716000000e-007,-0.0002078125
-7.714000000e-007,0.0001484375
-7.712000000e-007,0.00030625
-7.710000000e-007,0.0001484375
-7.708000000e-007,-8.515625e-005
-7.706000000e-007,-0.0001328125
-7.704000000e-007,5.078125e-005
-7.702000000e-007,0.00023203125
-7.700000000e-007,-2.5e-005
-7.698000000e-007,-0.00019765625
-7.696000000e-007,-0.000203125
-7.694000000e-007,-0.0001890625
-7.692000000e-007,-0.0002828125
-7.690000000e-007,-0.00026953125
-7.688000000e-007,0.000140625
-7.686000000e-007,0.00039140625
-7.684000000e-007,0.000396875
-7.682000000e-007,0.0004203125
-7.680000000e-007,0.000203125
-7.678000000e-007,0.0003046875
-7.676000000e-007,-7.34375e-005
-7.674000000e-007,-0.00049296875
-7.672000000e-007,-0.00030703125
-7.670000000e-007,9.609375e-005
-7.668000000e-007,0.00010546875
-7.666000000e-007,0.000403125
-7.664000000e-007,9.765625e-005
-7.662000000e-007,9.84375e-005
-7.660000000e-007,-4.6875e-006
-7.658000000e-007,-7.8125e-007
-7.656000000e-007,0.0001015625
-7.654000000e-007,-4.6875e-006
-7.652000000e-007,-0.0002140625
-7.650000000e-007,-0.00030078125
-7.648000000e-007,-0.00017890625
-7.646000000e-007,-5.46875e-006
-7.644000000e-007,-6.171875e-005
-7.642000000e-007,0.00031015625
-7.640000000e-007,0.00020078125
-7.638000000e-007,0.000284375
-7.636000000e-007,-7.421875e-005
-7.634000000e-007,-8.984375e-005
-7.632000000e-007,-0.00016015625
-7.630000000e-007,-0.00014375
-7.628000000e-007,0.00046015625
-7.626000000e-007,0.00014375
-7.624000000e-007,0.000190625
-7.622000000e-007,0.0003578125
-7.620000000e-007,-0.00013203125
-7.618000000e-007,-1.40625e-005
-7.616000000e-007,-0.0003078125
-7.614000000e-007,1.640625e-005
-7.612000000e-007,0.00012109375
-7.610000000e-007,0.00040546875
-7.608000000e-007,0.000415625
-7.606000000e-007,0.00047421875
-7.604000000e-007,0.0002015625
-7.602000000e-007,0.00028046875
-7.600000000e-007,-0.00020859375
-7.598000000e-007,0.00020390625
-7.596000000e-007,0.00010390625
-7.594000000e-007,0.000296875
-7.592000000e-007,-2.265625e-005
-7.590000000e-007,7.8125e-007
-7.588000000e-007,-2.22346149e-020
-7.586000000e-007,-2.22346149e-020
-7.584000000e-007,-0.00010390625
-7.582000000e-007,-0.00010078125
-7.580000000e-007,-2.22346149e-020
-7.578000000e-007,0.00029453125
-7.576000000e-007,0.0002046875
-7.574000000e-007,0.00021328125
-7.572000000e-007,1.40625e-005
-7.570000000e-007,-1.328125e-005
-7.568000000e-007,3.125e-006
-7.566000000e-007,5e-005
-7.564000000e-007,0.0002765625
-7.562000000e-007,0.00022890625
-7.560000000e-007,0.0001015625
-7.558000000e-007,0.00011328125
-7.556000000e-007,-1.5625e-006
-7.554000000e-007,0.0001734375
-7.552000000e-007,0.00028203125
-7.550000000e-007,0.00051328125
-7.548000000e-007,0.00012890625
-7.546000000e-007,2.890625e-005
-7.544000000e-007,-0.00047109375
-7.542000000e-007,-0.00052734375
-7.540000000e-007,-0.00021640625
-7.538000000e-007,0.0002828125
-7.536000000e-007,0.00020546875
-7.534000000e-007,0.000215625
-7.532000000e-007,3.90625e-006
-7.530000000e-007,0.0001875
-7.528000000e-007,0.0002
-7.526000000e-007,0.0003046875
-7.524000000e-007,0.0001
-7.522000000e-007,0.00038125
-7.520000000e-007,0.000496875
-7.518000000e-007,0.0004015625
-7.516000000e-007,0.00051171875
-7.514000000e-007,0.0006171875
-7.512000000e-007,0.00019765625
-7.510000000e-007,5.46875e-006
-7.508000000e-007,-0.00041875
-7.506000000e-007,-0.000396875
-7.504000000e-007,-0.00039921875
-7.502000000e-007,-9.609375e-005
-7.500000000e-007,0.0003015625
-7.498000000e-007,-4.6875e-006
-7.496000000e-007,-0.0001
-7.494000000e-007,-0.0002015625
-7.492000000e-007,-0.00018984375
-7.490000000e-007,0.00020703125
-7.488000000e-007,8.828125e-005
-7.486000000e-007,0.0001015625
-7.484000000e-007,9.296875e-005
-7.482000000e-007,1.5625e-006
-7.480000000e-007,-0.00010234375
-7.478000000e-007,-2.34375e-006
-7.476000000e-007,0.00041015625
-7.474000000e-007,0.00020078125
-7.472000000e-007,0.00020546875
-7.470000000e-007,0.00030625
-7.468000000e-007,0.00019921875
-7.466000000e-007,0.00021484375
-7.464000000e-007,-0.000309375
-7.462000000e-007,-0.00011171875
-7.460000000e-007,0.00020390625
-7.458000000e-007,0.00020078125
-7.456000000e-007,0.0002015625
-7.454000000e-007,2.734375e-005
-7.452000000e-007,-0.00010703125
-7.450000000e-007,7.8125e-006
-7.448000000e-007,-0.0001171875
-7.446000000e-007,0.00035390625
-7.444000000e-007,0.00041640625
-7.442000000e-007,0.00012421875
-7.440000000e-007,0.00015390625
-7.438000000e-007,0.00052421875
-7.436000000e-007,0.00010625
-7.434000000e-007,0.00055
-7.432000000e-007,0.00028671875
-7.430000000e-007,0.0001015625
-7.428000000e-007,8.59375e-006
-7.426000000e-007,4.765625e-005
-7.424000000e-007,0.000475
-7.422000000e-007,0.00070703125
-7.420000000e-007,0.0005984375
-7.418000000e-007,0.0004515625
-7.416000000e-007,-1.171875e-005
-7.414000000e-007,-0.0001609375
-7.412000000e-007,-0.00080625
-7.410000000e-007,-0.0003171875
-7.408000000e-007,-0.00041484375
-7.406000000e-007,-0.0003078125
-7.404000000e-007,-2.22346149e-020
-7.402000000e-007,-0.0003828125
-7.400000000e-007,-0.000590625
-7.398000000e-007,-0.00020390625
-7.396000000e-007,0.00023125
-7.394000000e-007,0.0003015625
-7.392000000e-007,0.00018359375
-7.390000000e-007,9.53125e-005
-7.388000000e-007,-3.125e-006
-7.386000000e-007,-4.6875e-006
-7.384000000e-007,7.265625e-005
-7.382000000e-007,0.00062734375
-7.380000000e-007,0.0005625
-7.378000000e-007,0.00039140625
-7.376000000e-007,0.00041640625
-7.374000000e-007,0.00037890625
-7.372000000e-007,0.00034453125
-7.370000000e-007,0.00061796875
-7.368000000e-007,0.00061796875
-7.366000000e-007,0.0005296875
-7.364000000e-007,0.00018515625
-7.362000000e-007,0.000128125
-7.360000000e-007,-0.00012734375
-7.358000000e-007,0.000409375
-7.356000000e-007,3.90625e-006
-7.354000000e-007,-1.171875e-005
-7.352000000e-007,-0.000259375
-7.350000000e-007,-0.0002875
-7.348000000e-007,-5.78125e-005
-7.346000000e-007,0.000115625
-7.344000000e-007,0.00036484375
-7.342000000e-007,0.000603125
-7.340000000e-007,0.00058515625
-7.338000000e-007,0.0004015625
-7.336000000e-007,0.00017578125
-7.334000000e-007,7.03125e-006
-7.332000000e-007,-0.0003125
-7.330000000e-007,-0.00011171875
-7.328000000e-007,1.328125e-005
-7.326000000e-007,0.00019765625
-7.324000000e-007,0.0002
-7.322000000e-007,0.00029453125
-7.320000000e-007,0.0002125
-7.318000000e-007,2.5e-005
-7.316000000e-007,-0.00010078125
-7.314000000e-007,-1.09375e-005
-7.312000000e-007,-6.25e-006
-7.310000000e-007,0.0001171875
-7.308000000e-007,-7.578125e-005
-7.306000000e-007,-1.328125e-005
-7.304000000e-007,-0.00014375
-7.302000000e-007,-0.0002
-7.300000000e-007,8.671875e-005
-7.298000000e-007,-5.078125e-005
-7.296000000e-007,-0.000103125
-7.294000000e-007,-0.00018359375
-7.292000000e-007,-6.171875e-005
-7.290000000e-007,0.0003765625
-7.288000000e-007,0.00029921875
-7.286000000e-007,0.0005046875
-7.284000000e-007,0.00011796875
-7.282000000e-007,-7.578125e-005
-7.280000000e-007,-0.00030546875
-7.278000000e-007,7.734375e-005
-7.276000000e-007,3.90625e-006
-7.274000000e-007,-1.015625e-005
-7.272000000e-007,0.00030078125
-7.270000000e-007,2.421875e-005
-7.268000000e-007,-0.00010078125
-7.266000000e-007,-0.00010390625
-7.264000000e-007,0.00020625
-7.262000000e-007,0.0002
-7.260000000e-007,9.375e-005
-7.258000000e-007,-0.000103125
-7.256000000e-007,-0.000196875
-7.254000000e-007,7.03125e-006
-7.252000000e-007,0.0002015625
-7.250000000e-007,9.140625e-005
-7.248000000e-007,0.00012890625
-7.246000000e-007,0.0001796875
-7.244000000e-007,8.59375e-006
-7.242000000e-007,0.00032890625
-7.240000000e-007,0.00038515625
-7.238000000e-007,0.0002921875
-7.236000000e-007,0.00015625
-7.234000000e-007,-2.34375e-006
-7.232000000e-007,0.00014375
-7.230000000e-007,0.00017890625
-7.228000000e-007,-3.671875e-005
-7.226000000e-007,1.71875e-005
-7.224000000e-007,9.53125e-005
-7.222000000e-007,0.00011875
-7.220000000e-007,0.000296875
-7.218000000e-007,0.0002109375
-7.216000000e-007,0.00039296875
-7.214000000e-007,0.00020234375
-7.212000000e-007,0.0004046875
-7.210000000e-007,0.00018046875
-7.208000000e-007,5.15625e-005
-7.206000000e-007,-0.000309375
-7.204000000e-007,-0.00026015625
-7.202000000e-007,0.000215625
-7.200000000e-007,0.00076015625
-7.198000000e-007,0.001
-7.196000000e-007,0.00077421875
-7.194000000e-007,0.0004984375
-7.192000000e-007,0.00017890625
-7.190000000e-007,-0.0001984375
-7.188000000e-007,-0.000190625
-7.186000000e-007,8.828125e-005
-7.184000000e-007,0.0002
-7.182000000e-007,1.5625e-005
-7.180000000e-007,-0.0002046875
-7.178000000e-007,7.34375e-005
-7.176000000e-007,9.296875e-005
-7.174000000e-007,0.00036796875
-7.172000000e-007,0.0003140625
-7.170000000e-007,0.00038359375
-7.168000000e-007,0.0003265625
-7.166000000e-007,0.000290625
-7.164000000e-007,0.00030859375
-7.162000000e-007,0.0001375
-7.160000000e-007,-7.578125e-005
-7.158000000e-007,-0.00015234375
-7.156000000e-007,0.0004484375
-7.154000000e-007,0.0007
-7.152000000e-007,0.000546875
-7.150000000e-007,-5.9375e-005
-7.148000000e-007,-0.00010078125
-7.146000000e-007,-0.00013203125
-7.144000000e-007,0.00029140625
-7.142000000e-007,0.0002859375
-7.140000000e-007,0.00068515625
-7.138000000e-007,0.000478125
-7.136000000e-007,4.6875e-006
-7.134000000e-007,0.00026875
-7.132000000e-007,0.0005
-7.130000000e-007,0.00050703125
-7.128000000e-007,0.00030703125
-7.126000000e-007,0.0002
-7.124000000e-007,0.0001984375
-7.122000000e-007,0.00010390625
-7.120000000e-007,0.00010390625
-7.118000000e-007,0.0001984375
-7.116000000e-007,9.84375e-005
-7.114000000e-007,-9.921875e-005
-7.112000000e-007,1.171875e-005
-7.110000000e-007,0.0001
-7.108000000e-007,0.00010234375
-7.106000000e-007,0.00020078125
-7.104000000e-007,0.0001953125
-7.102000000e-007,-2.34375e-006
-7.100000000e-007,1.328125e-005
-7.098000000e-007,9.6875e-005
-7.096000000e-007,-9.84375e-005
-7.094000000e-007,0.0001
-7.092000000e-007,-0.00010859375
-7.090000000e-007,7.8125e-007
-7.088000000e-007,-0.00010390625
-7.086000000e-007,-1.5625e-006
-7.084000000e-007,0.00010859375
-7.082000000e-007,0.00059765625
-7.080000000e-007,0.0006046875
-7.078000000e-007,0.00070078125
-7.076000000e-007,0.000284375
-7.074000000e-007,-7.65625e-005
-7.072000000e-007,-0.00040078125
-7.070000000e-007,-0.0003078125
-7.068000000e-007,-9.0625e-005
-7.066000000e-007,0.000196875
-7.064000000e-007,0.000203125
-7.062000000e-007,0.0003203125
-7.060000000e-007,-0.00018359375
-7.058000000e-007,-0.000475
-7.056000000e-007,-0.00069921875
-7.054000000e-007,-0.000525
-7.052000000e-007,-0.00033359375
-7.050000000e-007,7.5e-005
-7.048000000e-007,0.0001875
-7.046000000e-007,0.00051171875
-7.044000000e-007,4.453125e-005
-7.042000000e-007,2.34375e-006
-7.040000000e-007,-0.00019140625
-7.038000000e-007,3.515625e-005
-7.036000000e-007,0.0002171875
-7.034000000e-007,3.75e-005
-7.032000000e-007,-9.453125e-005
-7.030000000e-007,-0.000190625
-7.028000000e-007,-0.000115625
-7.026000000e-007,0.00025078125
-7.024000000e-007,0.00040078125
-7.022000000e-007,0.00051171875
-7.020000000e-007,0.0002921875
-7.018000000e-007,0.0002109375
-7.016000000e-007,-0.000115625
-7.014000000e-007,-0.0002140625
-7.012000000e-007,0.0003359375
-7.010000000e-007,0.0007
-7.008000000e-007,0.00047734375
-7.006000000e-007,0.00040390625
-7.004000000e-007,0.000178125
-7.002000000e-007,1.5625e-006
-7.000000000e-007,-8.359375e-005
-6.998000000e-007,0.00019765625
-6.996000000e-007,0.0002109375
-6.994000000e-007,0.00029375
-6.992000000e-007,0.00024140625
-6.990000000e-007,0.0005984375
-6.988000000e-007,0.00025390625
-6.986000000e-007,0.00041953125
-6.984000000e-007,0.00049296875
-6.982000000e-007,0.0002671875
-6.980000000e-007,-3.828125e-005
-6.978000000e-007,1.328125e-005
-6.976000000e-007,0.000128125
-6.974000000e-007,0.00020390625
-6.972000000e-007,0.00020078125
-6.970000000e-007,0.000190625
-6.968000000e-007,4.53125e-005
-6.966000000e-007,-0.0001140625
-6.964000000e-007,-7.265625e-005
-6.962000000e-007,0.0001421875
-6.960000000e-007,0.00032578125
-6.958000000e-007,0.00015625
-6.956000000e-007,2.890625e-005
-6.954000000e-007,0.00018984375
-6.952000000e-007,-1.5625e-006
-6.950000000e-007,8.671875e-005
-6.948000000e-007,-8.125e-005
-6.946000000e-007,0.00030390625
-6.944000000e-007,0.0001671875
-6.942000000e-007,9.921875e-005
-6.940000000e-007,0.00021171875
-6.938000000e-007,0.00020078125
-6.936000000e-007,0.0003359375
-6.934000000e-007,0.0005109375
-6.932000000e-007,5.9375e-005
-6.930000000e-007,-0.00010078125
-6.928000000e-007,-0.0001015625
-6.926000000e-007,-0.000178125
-6.924000000e-007,-0.00038515625
-6.922000000e-007,-0.000515625
-6.920000000e-007,-0.00015
-6.918000000e-007,0.000446875
-6.916000000e-007,0.00042578125
-6.914000000e-007,0.00016328125
-6.912000000e-007,-6.5625e-005
-6.910000000e-007,-0.000190625
-6.908000000e-007,-0.00014921875
-6.906000000e-007,0.0001515625
-6.904000000e-007,0.00045546875
-6.902000000e-007,6.953125e-005
-6.900000000e-007,8.671875e-005
-6.898000000e-007,-7.5e-005
-6.896000000e-007,6.640625e-005
-6.894000000e-007,0.00016953125
-6.892000000e-007,0.000478125
-6.890000000e-007,0.00045078125
-6.888000000e-007,1.484375e-005
-6.886000000e-007,-0.0001859375
-6.884000000e-007,-0.000478125
-6.882000000e-007,-0.00081796875
-6.880000000e-007,-0.00021015625
-6.878000000e-007,3.90625e-006
-6.876000000e-007,-9.84375e-005
-6.874000000e-007,-8.671875e-005
-6.872000000e-007,-0.0003
-6.870000000e-007,-0.00020078125
-6.868000000e-007,-0.0003046875
-6.866000000e-007,-0.00039921875
-6.864000000e-007,-0.00060625
-6.862000000e-007,-0.00049296875
-6.860000000e-007,-0.00018984375
-6.858000000e-007,-0.00019921875
-6.856000000e-007,4.140625e-005
-6.854000000e-007,0.0004
-6.852000000e-007,0.00016796875
-6.850000000e-007,7.109375e-005
-6.848000000e-007,-0.0002265625
-6.846000000e-007,-7.890625e-005
-6.844000000e-007,3.90625e-006
-6.842000000e-007,2.34375e-006
-6.840000000e-007,-2.1875e-005
-6.838000000e-007,-0.000221875
-6.836000000e-007,-0.00028671875
-6.834000000e-007,-0.0001984375
-6.832000000e-007,-0.00017109375
-6.830000000e-007,7.03125e-006
-6.828000000e-007,1.484375e-005
-6.826000000e-007,8.90625e-005
-6.824000000e-007,2.65625e-005
-6.822000000e-007,0.00018359375
-6.820000000e-007,-8.828125e-005
-6.818000000e-007,0.00042578125
-6.816000000e-007,0.00062578125
-6.814000000e-007,0.000671875
-6.812000000e-007,0.0002359375
-6.810000000e-007,8.90625e-005
-6.808000000e-007,-8.90625e-005
-6.806000000e-007,0.00020390625
-6.804000000e-007,0.00019921875
-6.802000000e-007,0.0003046875
-6.800000000e-007,0.000290625
-6.798000000e-007,9.765625e-005
-6.796000000e-007,-0.0001046875
-6.794000000e-007,-0.00010078125
-6.792000000e-007,-0.00010078125
-6.790000000e-007,-7.8125e-006
-6.788000000e-007,0.0002
-6.786000000e-007,0.00021015625
-6.784000000e-007,-9.0625e-005
-6.782000000e-007,-0.0001890625
-6.780000000e-007,-0.00029375
-6.778000000e-007,-0.0002359375
-6.776000000e-007,-0.0001078125
-6.774000000e-007,-0.0001046875
-6.772000000e-007,2.890625e-005
-6.770000000e-007,0.00036640625
-6.768000000e-007,0.00033984375
-6.766000000e-007,-2.34375e-006
-6.764000000e-007,0.00026875
-6.762000000e-007,0.00031171875
-6.760000000e-007,0.00030078125
-6.758000000e-007,0.00014609375
-6.756000000e-007,-0.00026484375
-6.754000000e-007,-0.000490625
-6.752000000e-007,-0.0005046875
-6.750000000e-007,-0.00033046875
-6.748000000e-007,-0.00010703125
-6.746000000e-007,7.03125e-005
-6.744000000e-007,0.00039375
-6.742000000e-007,0.0002359375
-6.740000000e-007,1.25e-005
-6.738000000e-007,-0.0001859375
-6.736000000e-007,-0.000103125
-6.734000000e-007,0.000403125
-6.732000000e-007,-8.671875e-005
-6.730000000e-007,-5.46875e-006
-6.728000000e-007,-0.0001
-6.726000000e-007,9.921875e-005
-6.724000000e-007,2.34375e-006
-6.722000000e-007,0.0002890625
-6.720000000e-007,0.0001984375
-6.718000000e-007,4.6875e-006
-6.716000000e-007,-0.00020625
-6.714000000e-007,-9.453125e-005
-6.712000000e-007,0.00010546875
-6.710000000e-007,9.921875e-005
-6.708000000e-007,9.765625e-005
-6.706000000e-007,-7.8125e-007
-6.704000000e-007,0.0001125
-6.702000000e-007,0.00019921875
-6.700000000e-007,0.000203125
-6.698000000e-007,0.00029453125
-6.696000000e-007,-2.34375e-005
-6.694000000e-007,-0.00020859375
-6.692000000e-007,-0.00038828125
-6.690000000e-007,-0.00010078125
-6.688000000e-007,-0.00019765625
-6.686000000e-007,0.000296875
-6.684000000e-007,0.00049296875
-6.682000000e-007,0.00020234375
-6.680000000e-007,-0.00011171875
-6.678000000e-007,-0.00040078125
-6.676000000e-007,-0.0002
-6.674000000e-007,-0.0002984375
-6.672000000e-007,-0.0001984375
-6.670000000e-007,-0.000296875
-6.668000000e-007,-0.000296875
-6.666000000e-007,-0.000284375
-6.664000000e-007,-0.00040625
-6.662000000e-007,-2.34375e-005
-6.660000000e-007,-8.90625e-005
-6.658000000e-007,-9.84375e-005
-6.656000000e-007,-0.00019375
-6.654000000e-007,-0.0001921875
-6.652000000e-007,-0.00030390625
-6.650000000e-007,-0.00010546875
-6.648000000e-007,-0.000278125
-6.646000000e-007,-0.00023125
-6.644000000e-007,5.234375e-005
-6.642000000e-007,0.0005
-6.640000000e-007,0.00022578125
-6.638000000e-007,0.00037734375
-6.636000000e-007,0.0002171875
-6.634000000e-007,0.0001109375
-6.632000000e-007,2.34375e-006
-6.630000000e-007,0.00015390625
-6.628000000e-007,0.0004015625
-6.626000000e-007,0.00061640625
-6.624000000e-007,0.00028828125
-6.622000000e-007,0.0002015625
-6.620000000e-007,9.375e-005
-6.618000000e-007,-8.59375e-005
-6.616000000e-007,-0.0002953125
-6.614000000e-007,9.21875e-005
-6.612000000e-007,0.0001984375
-6.610000000e-007,0.000109375
-6.608000000e-007,-0.000225
-6.606000000e-007,-0.0003
-6.604000000e-007,-0.00028671875
-6.602000000e-007,-0.0001015625
-6.600000000e-007,4.53125e-005
-6.598000000e-007,0.00040859375
-6.596000000e-007,0.00039296875
-6.594000000e-007,0.000396875
-6.592000000e-007,0.0002875
-6.590000000e-007,0.000296875
-6.588000000e-007,0.00017734375
-6.586000000e-007,-2.1875e-005
-6.584000000e-007,-5.546875e-005
-6.582000000e-007,7.65625e-005
-6.580000000e-007,-0.00024296875
-6.578000000e-007,-6.25e-005
-6.576000000e-007,-2.1875e-005
-6.574000000e-007,-9.84375e-005
-6.572000000e-007,-0.00014765625
-6.570000000e-007,-0.00028984375
-6.568000000e-007,-4.765625e-005
-6.566000000e-007,-5.46875e-006
-6.564000000e-007,3.203125e-005
-6.562000000e-007,8.515625e-005
-6.560000000e-007,2.578125e-005
-6.558000000e-007,0.00019765625
-6.556000000e-007,0.0001046875
-6.554000000e-007,0.0003125
-6.552000000e-007,0.00027265625
-6.550000000e-007,0.0002
-6.548000000e-007,0.00032734375
-6.546000000e-007,0.0004015625
-6.544000000e-007,3.90625e-005
-6.542000000e-007,-0.00010234375
-6.540000000e-007,0.00014453125
-6.538000000e-007,0.00040234375
-6.536000000e-007,0.00017578125
-6.534000000e-007,2.34375e-006
-6.532000000e-007,-0.00020625
-6.530000000e-007,-0.0004078125
-6.528000000e-007,-0.00021328125
-6.526000000e-007,-0.000121875
-6.524000000e-007,9.140625e-005
-6.522000000e-007,1.5625e-005
-6.520000000e-007,8.28125e-005
-6.518000000e-007,0.00014765625
-6.516000000e-007,-7.734375e-005
-6.514000000e-007,-0.000125
-6.512000000e-007,-0.0005296875
-6.510000000e-007,-0.00049609375
-6.508000000e-007,-0.0003296875
-6.506000000e-007,-0.00015859375
-6.504000000e-007,-6.796875e-005
-6.502000000e-007,-0.00032890625
-6.500000000e-007,0.00011796875
-6.498000000e-007,0.0003359375
-6.496000000e-007,0.0001828125
-6.494000000e-007,0.00044375
-6.492000000e-007,-0.000278125
-6.490000000e-007,-0.00013515625
-6.488000000e-007,-0.00018828125
-6.486000000e-007,-0.00022734375
-6.484000000e-007,0.00019609375
-6.482000000e-007,0.00019765625
-6.480000000e-007,0.0004015625
-6.478000000e-007,0.00013203125
-6.476000000e-007,-0.0001
-6.474000000e-007,-2.34375e-006
-6.472000000e-007,0.000209375
-6.470000000e-007,0.00040078125
-6.468000000e-007,-2.1875e-005
-6.466000000e-007,-9.53125e-005
-6.464000000e-007,0.0002046875
-6.462000000e-007,-4.6875e-006
-6.460000000e-007,6.25e-006
-6.458000000e-007,-3.90625e-006
-6.456000000e-007,2.890625e-005
-6.454000000e-007,0.000203125
-6.452000000e-007,7.421875e-005
-6.450000000e-007,0.0001171875
-6.448000000e-007,0.000178125
-6.446000000e-007,-6.25e-006
-6.444000000e-007,-2.1875e-005
-6.442000000e-007,-0.0002125
-6.440000000e-007,-0.00034921875
-6.438000000e-007,-0.00048046875
-6.436000000e-007,-0.0001203125
-6.434000000e-007,0.0001328125
-6.432000000e-007,0.0002859375
-6.430000000e-007,9.21875e-005
-6.428000000e-007,7.578125e-005
-6.426000000e-007,-0.00033671875
-6.424000000e-007,-0.00047578125
-6.422000000e-007,-8.828125e-005
-6.420000000e-007,-9.296875e-005
-6.418000000e-007,0.0001203125
-6.416000000e-007,0.0002203125
-6.414000000e-007,0.00029765625
-6.412000000e-007,0.00017421875
-6.410000000e-007,-4.6875e-006
-6.408000000e-007,-0.0002390625
-6.406000000e-007,-0.00039375
-6.404000000e-007,4.375e-005
-6.402000000e-007,0.000196875
-6.400000000e-007,-0.00010859375
-6.398000000e-007,-0.00019765625
-6.396000000e-007,-0.000603125
-6.394000000e-007,-0.00021328125
-6.392000000e-007,-2.22346149e-020
-6.390000000e-007,0.00066953125
-6.388000000e-007,0.00062734375
-6.386000000e-007,-3.90625e-005
-6.384000000e-007,-0.0001890625
-6.382000000e-007,-0.00048203125
-6.380000000e-007,-0.00026875
-6.378000000e-007,2.65625e-005
-6.376000000e-007,0.00030390625
-6.374000000e-007,5.234375e-005
-6.372000000e-007,-0.0001
-6.370000000e-007,-4.296875e-005
-6.368000000e-007,0.00028046875
-6.366000000e-007,0.00015625
-6.364000000e-007,-0.0001
-6.362000000e-007,7.1875e-005
-6.360000000e-007,0.0001875
-6.358000000e-007,0.0003046875
-6.356000000e-007,2.890625e-005
-6.354000000e-007,-0.000375
-6.352000000e-007,-0.00031171875
-6.350000000e-007,8.75e-005
-6.348000000e-007,4.6875e-006
-6.346000000e-007,1.484375e-005
-6.344000000e-007,-0.00019453125
-6.342000000e-007,-1.71875e-005
-6.340000000e-007,0.0001
-6.338000000e-007,0.00021015625
-6.336000000e-007,-9.53125e-005
-6.334000000e-007,-2.34375e-006
-6.332000000e-007,-0.000209375
-6.330000000e-007,-0.0003015625
-6.328000000e-007,-7.8125e-005
-6.326000000e-007,0.00038828125
-6.324000000e-007,0.00029921875
-6.322000000e-007,0.0002984375
-6.320000000e-007,0.0002875
-6.318000000e-007,0.0001
-6.316000000e-007,0.0002
-6.314000000e-007,9.921875e-005
-6.312000000e-007,0.00030703125
-6.310000000e-007,0.0004
-6.308000000e-007,0.0002859375
-6.306000000e-007,-7.03125e-006
-6.304000000e-007,-0.0001953125
-6.302000000e-007,-1.5625e-006
-6.300000000e-007,-0.00020703125
-6.298000000e-007,7.8125e-006
-6.296000000e-007,9.609375e-005
-6.294000000e-007,1.5625e-006
-6.292000000e-007,-9.921875e-005
-6.290000000e-007,-1.5625e-006
-6.288000000e-007,0.00021640625
-6.286000000e-007,0.00039921875
-6.284000000e-007,0.00039609375
-6.282000000e-007,0.00021015625
-6.280000000e-007,9.921875e-005
-6.278000000e-007,9.6875e-005
-6.276000000e-007,0.0002
-6.274000000e-007,0.00010703125
-6.272000000e-007,-0.000103125
-6.270000000e-007,-0.00017421875
-6.268000000e-007,-0.00049765625
-6.266000000e-007,-0.0003140625
-6.264000000e-007,-0.00031015625
-6.262000000e-007,-1.640625e-005
-6.260000000e-007,-9.453125e-005
-6.258000000e-007,7.5e-005
-6.256000000e-007,0.00019921875
-6.254000000e-007,0.00020703125
-6.252000000e-007,0.000109375
-6.250000000e-007,9.375e-005
-6.248000000e-007,0.00018203125
-6.246000000e-007,0.00032109375
-6.244000000e-007,3.984375e-005
-6.242000000e-007,-3.125e-006
-6.240000000e-007,-9.0625e-005
-6.238000000e-007,-0.00011953125
-6.236000000e-007,8.28125e-005
-6.234000000e-007,0.00036640625
-6.232000000e-007,0.00039921875
-6.230000000e-007,0.000209375
-6.228000000e-007,0.000196875
-6.226000000e-007,2.109375e-005
-6.224000000e-007,-0.00020546875
-6.222000000e-007,-0.000378125
-6.220000000e-007,-0.000796875
-6.218000000e-007,-0.000209375
-6.216000000e-007,-9.921875e-005
-6.214000000e-007,9.140625e-005
-6.212000000e-007,7.421875e-005
-6.210000000e-007,-0.0001984375
-6.208000000e-007,4.375e-005
-6.206000000e-007,0.0003953125
-6.204000000e-007,0.000509375
-6.202000000e-007,0.00038203125
-6.200000000e-007,-3.359375e-005
-6.198000000e-007,-3.125e-006
-6.196000000e-007,8.203125e-005
-6.194000000e-007,0.00048671875
-6.192000000e-007,8.59375e-005
-6.190000000e-007,0.00041875
-6.188000000e-007,0.00039765625
-6.186000000e-007,0.00050546875
-6.184000000e-007,0.000509375
-6.182000000e-007,0.00046796875
-6.180000000e-007,0.000284375
-6.178000000e-007,0.0001265625
-6.176000000e-007,-0.00021796875
-6.174000000e-007,-0.000125
-6.172000000e-007,-0.000259375
-6.170000000e-007,0.00013125
-6.168000000e-007,0.0003046875
-6.166000000e-007,0.0005671875
-6.164000000e-007,-1.953125e-005
-6.162000000e-007,-9.765625e-005
-6.160000000e-007,-0.00010234375
-6.158000000e-007,-9.6875e-005
-6.156000000e-007,7.03125e-005
-6.154000000e-007,0.00040390625
-6.152000000e-007,0.00039296875
-6.150000000e-007,0.0003015625
-6.148000000e-007,8.4375e-005
-6.146000000e-007,0.0001015625
-6.144000000e-007,-0.0001265625
-6.142000000e-007,-0.0002
-6.140000000e-007,-0.000196875
-6.138000000e-007,-0.000196875
-6.136000000e-007,-0.0003
-6.134000000e-007,-0.0001984375
-6.132000000e-007,-0.00038203125
-6.130000000e-007,-0.00051171875
-6.128000000e-007,-0.0004
-6.126000000e-007,-0.00063359375
-6.124000000e-007,-0.00073046875
-6.122000000e-007,-0.00019296875
-6.120000000e-007,-9.375e-005
-6.118000000e-007,9.765625e-005
-6.116000000e-007,0.00031015625
-6.114000000e-007,0.0002140625
-6.112000000e-007,0.00022421875
-6.110000000e-007,-2.34375e-006
-6.108000000e-007,-0.0002890625
-6.106000000e-007,-0.00023515625
-6.104000000e-007,-4.921875e-005
-6.102000000e-007,0.00029765625
-6.100000000e-007,0.00010234375
-6.098000000e-007,0.00037890625
-6.096000000e-007,0.00012109375
-6.094000000e-007,-0.000109375
-6.092000000e-007,-8.828125e-005
-6.090000000e-007,-0.0004984375
-6.088000000e-007,-0.0001078125
-6.086000000e-007,9.53125e-005
-6.084000000e-007,0.0001984375
-6.082000000e-007,-0.00010234375
-6.080000000e-007,0.0002015625
-6.078000000e-007,0.00019765625
-6.076000000e-007,0.0003984375
-6.074000000e-007,0.00010078125
-6.072000000e-007,9.53125e-005
-6.070000000e-007,4.6875e-006
-6.068000000e-007,0.00041015625
-6.066000000e-007,9.140625e-005
-6.064000000e-007,7.8125e-007
-6.062000000e-007,-0.0001140625
-6.060000000e-007,-0.00017578125
-6.058000000e-007,-3.125e-006
-6.056000000e-007,-0.00024140625
-6.054000000e-007,-0.000178125
-6.052000000e-007,3.4375e-005
-6.050000000e-007,-1.71875e-005
-6.048000000e-007,9.453125e-005
-6.046000000e-007,0.000375
-6.044000000e-007,0.000125
-6.042000000e-007,0.00050703125
-6.040000000e-007,0.00027578125
-6.038000000e-007,0.00039453125
-6.036000000e-007,0.00017265625
-6.034000000e-007,0.00020234375
-6.032000000e-007,0.00036484375
-6.030000000e-007,0.0005796875
-6.028000000e-007,0.00019921875
-6.026000000e-007,0.0005078125
-6.024000000e-007,0.00024453125
-6.022000000e-007,0.0002234375
-6.020000000e-007,0.00038828125
-6.018000000e-007,8.90625e-005
-6.016000000e-007,0.00012421875
-6.014000000e-007,0.00019765625
-6.012000000e-007,0.0002296875
-6.010000000e-007,0.0003890625
-6.008000000e-007,-1.09375e-005
-6.006000000e-007,9.84375e-005
-6.004000000e-007,-0.00031484375
-6.002000000e-007,-0.0003015625
-6.000000000e-007,-0.00051171875
-5.998000000e-007,-0.00059921875
-5.996000000e-007,-0.0004
-5.994000000e-007,0.00017578125
-5.992000000e-007,0.000309375
-5.990000000e-007,4.296875e-005
-5.988000000e-007,-0.00010234375
-5.986000000e-007,-0.0001265625
-5.984000000e-007,-0.0005078125
-5.982000000e-007,-3.203125e-005
-5.980000000e-007,0.0001453125
-5.978000000e-007,3.90625e-006
-5.976000000e-007,7.03125e-006
-5.974000000e-007,-3.4375e-005
-5.972000000e-007,0.000284375
-5.970000000e-007,0.00013359375
-5.968000000e-007,0.00017265625
-5.966000000e-007,0.00033828125
-5.964000000e-007,-0.00016484375
-5.962000000e-007,-0.0001328125
-5.960000000e-007,2.34375e-006
-5.958000000e-007,-8.515625e-005
-5.956000000e-007,-0.00010625
-5.954000000e-007,0.0001015625
-5.952000000e-007,-3.125e-006
-5.950000000e-007,0.000284375
-5.948000000e-007,0.0002890625
-5.946000000e-007,0.000603125
-5.944000000e-007,0.00030078125
-5.942000000e-007,0.0006921875
-5.940000000e-007,0.00041171875
-5.938000000e-007,0.0003109375
-5.936000000e-007,-0.00011171875
-5.934000000e-007,-0.000196875
-5.932000000e-007,-0.000190625
-5.930000000e-007,0.00027109375
-5.928000000e-007,0.00049921875
-5.926000000e-007,0.000209375
-5.924000000e-007,-0.00021171875
-5.922000000e-007,-9.375e-005
-5.920000000e-007,0.00011328125
-5.918000000e-007,0.00030078125
-5.916000000e-007,0.00029765625
-5.914000000e-007,9.53125e-005
-5.912000000e-007,-8.75e-005
-5.910000000e-007,0.00019921875
-5.908000000e-007,-0.00011015625
-5.906000000e-007,-9.453125e-005
-5.904000000e-007,-0.0001171875
-5.902000000e-007,-0.00029921875
-5.900000000e-007,-8.4375e-005
-5.898000000e-007,-0.00010078125
-5.896000000e-007,-0.00010078125
-5.894000000e-007,-0.00010234375
-5.892000000e-007,0.0004328125
-5.890000000e-007,0.00059921875
-5.888000000e-007,0.00059609375
-5.886000000e-007,0.00040625
-5.884000000e-007,0.00039921875
-5.882000000e-007,0.0003109375
-5.880000000e-007,9.921875e-005
-5.878000000e-007,0.000296875
-5.876000000e-007,0.0002984375
-5.874000000e-007,0.00031328125
-5.872000000e-007,1.09375e-005
-5.870000000e-007,-0.00026640625
-5.868000000e-007,-0.0005046875
-5.866000000e-007,-0.0002234375
-5.864000000e-007,-0.00019765625
-5.862000000e-007,-0.00018828125
-5.860000000e-007,-0.00039453125
-5.858000000e-007,-0.00030859375
-5.856000000e-007,-0.0003859375
-5.854000000e-007,-0.000409375
-5.852000000e-007,-0.000315625
-5.850000000e-007,-0.000134375
-5.848000000e-007,0.000128125
-5.846000000e-007,0.0004921875
-5.844000000e-007,0.0003125
-5.842000000e-007,0.0002890625
-5.840000000e-007,0.00029921875
-5.838000000e-007,0.00038203125
-5.836000000e-007,0.00039921875
-5.834000000e-007,0.00029921875
-5.832000000e-007,0.000184375
-5.830000000e-007,-0.00037890625
-5.828000000e-007,-0.0004
-5.826000000e-007,-0.00059140625
-5.824000000e-007,-0.0005921875
-5.822000000e-007,-0.000309375
-5.820000000e-007,0.00014921875
-5.818000000e-007,0.0003109375
-5.816000000e-007,-0.00012578125
-5.814000000e-007,-0.00010078125
-5.812000000e-007,-0.00032578125
-5.810000000e-007,-0.00030390625
-5.808000000e-007,-8.28125e-005
-5.806000000e-007,-0.00010078125
-5.804000000e-007,4.140625e-005
-5.802000000e-007,8.828125e-005
-5.800000000e-007,-4.0625e-005
-5.798000000e-007,0.0005140625
-5.796000000e-007,0.00026484375
-5.794000000e-007,0.00018125
-5.792000000e-007,7.8125e-007
-5.790000000e-007,8.28125e-005
-5.788000000e-007,-0.0001078125
-5.786000000e-007,0.00014296875
-5.784000000e-007,0.0003609375
-5.782000000e-007,0.00049296875
-5.780000000e-007,0.0001734375
-5.778000000e-007,-0.00024765625
-5.776000000e-007,-0.0002578125
-5.774000000e-007,-9.6875e-005
-5.772000000e-007,-4.609375e-005
-5.770000000e-007,0.000209375
-5.768000000e-007,5.9375e-005
-5.766000000e-007,-3.90625e-006
-5.764000000e-007,1.5625e-005
-5.762000000e-007,0.00010078125
-5.760000000e-007,0.00012265625
-5.758000000e-007,0.000196875
-5.756000000e-007,0.00011796875
-5.754000000e-007,0.0003015625
-5.752000000e-007,-0.0001890625
-5.750000000e-007,-0.00021328125
-5.748000000e-007,0.00032421875
-5.746000000e-007,0.00010859375
-5.744000000e-007,0.0002109375
-5.742000000e-007,0.0001046875
-5.740000000e-007,-7.8125e-007
-5.738000000e-007,-9.375e-006
-5.736000000e-007,9.296875e-005
-5.734000000e-007,0.000184375
-5.732000000e-007,0.00029609375
-5.730000000e-007,0.000303125
-5.728000000e-007,0.00030078125
-5.726000000e-007,0.0001875
-5.724000000e-007,-0.00010546875
-5.722000000e-007,0.0001625
-5.720000000e-007,3.359375e-005
-5.718000000e-007,0.0001640625
-5.716000000e-007,4.921875e-005
-5.714000000e-007,8.203125e-005
-5.712000000e-007,7.8125e-006
-5.710000000e-007,0.0002171875
-5.708000000e-007,0.000471875
-5.706000000e-007,0.00061796875
-5.704000000e-007,0.0004046875
-5.702000000e-007,0.00052109375
-5.700000000e-007,0.0001109375
-5.698000000e-007,0.00013125
-5.696000000e-007,-0.00048125
-5.694000000e-007,-0.00041875
-5.692000000e-007,-0.000303125
-5.690000000e-007,8.671875e-005
-5.688000000e-007,0.0003046875
-5.686000000e-007,0.00039296875
-5.684000000e-007,0.00029609375
-5.682000000e-007,-0.0001953125
-5.680000000e-007,8.59375e-006
-5.678000000e-007,0.0001
-5.676000000e-007,-0.00011484375
-5.674000000e-007,-0.00029921875
-5.672000000e-007,-0.0002
-5.670000000e-007,-0.00030078125
-5.668000000e-007,-6.40625e-005
-5.666000000e-007,0.00019375
-5.664000000e-007,-1.40625e-005
-5.662000000e-007,-2.96875e-005
-5.660000000e-007,-0.0004640625
-5.658000000e-007,-0.0004921875
-5.656000000e-007,-0.000340625
-5.654000000e-007,3.671875e-005
-5.652000000e-007,0.00018359375
-5.650000000e-007,-1.5625e-005
-5.648000000e-007,2.8125e-005
-5.646000000e-007,-3.90625e-005
-5.644000000e-007,-0.000153125
-5.642000000e-007,0.0002078125
-5.640000000e-007,-5.3125e-005
-5.638000000e-007,-0.00021796875
-5.636000000e-007,-0.0002671875
-5.634000000e-007,2.34375e-006
-5.632000000e-007,-9.6875e-005
-5.630000000e-007,0.00010859375
-5.628000000e-007,9.453125e-005
-5.626000000e-007,9.6875e-005
-5.624000000e-007,0.000128125
-5.622000000e-007,0.0003015625
-5.620000000e-007,0.00017265625
-5.618000000e-007,0.00020625
-5.616000000e-007,0.0003859375
-5.614000000e-007,-1.796875e-005
-5.612000000e-007,-0.00021328125
-5.610000000e-007,-0.0002984375
-5.608000000e-007,1.71875e-005
-5.606000000e-007,0.0002
-5.604000000e-007,0.000196875
-5.602000000e-007,0.0001046875
-5.600000000e-007,0.0001
-5.598000000e-007,0.00030078125
-5.596000000e-007,0.0001078125
-5.594000000e-007,0.000103125
-5.592000000e-007,-7.8125e-005
-5.590000000e-007,-0.00028203125
-5.588000000e-007,-0.0002515625
-5.586000000e-007,8.4375e-005
-5.584000000e-007,-4.6875e-006
-5.582000000e-007,0.0002515625
-5.580000000e-007,0.0003203125
-5.578000000e-007,0.00019609375
-5.576000000e-007,0.00028984375
-5.574000000e-007,0.0003046875
-5.572000000e-007,0.00037890625
-5.570000000e-007,0.000603125
-5.568000000e-007,0.0002546875
-5.566000000e-007,-0.00018125
-5.564000000e-007,-0.00020078125
-5.562000000e-007,-0.0002046875
-5.560000000e-007,-1.328125e-005
-5.558000000e-007,0.00038828125
-5.556000000e-007,0.0003046875
-5.554000000e-007,0.0002453125
-5.552000000e-007,-0.00019609375
-5.550000000e-007,9.375e-005
-5.548000000e-007,-9.921875e-005
-5.546000000e-007,0.00019765625
-5.544000000e-007,-9.453125e-005
-5.542000000e-007,9.296875e-005
-5.540000000e-007,-0.00011015625
-5.538000000e-007,-0.000203125
-5.536000000e-007,1.71875e-005
-5.534000000e-007,0.00038671875
-5.532000000e-007,0.00039921875
-5.530000000e-007,0.00020390625
-5.528000000e-007,-8.59375e-006
-5.526000000e-007,-0.000103125
-5.524000000e-007,-0.00018515625
-5.522000000e-007,0.0002015625
-5.520000000e-007,9.609375e-005
-5.518000000e-007,-3.125e-006
-5.516000000e-007,-0.00019453125
-5.514000000e-007,0.00010390625
-5.512000000e-007,0.00010234375
-5.510000000e-007,0.000303125
-5.508000000e-007,0.0001921875
-5.506000000e-007,0.0002
-5.504000000e-007,7.34375e-005
-5.502000000e-007,-0.0001984375
-5.500000000e-007,-0.0001984375
-5.498000000e-007,-0.00010234375
-5.496000000e-007,0.000328125
-5.494000000e-007,0.00049921875
-5.492000000e-007,0.00039296875
-5.490000000e-007,0.0001140625
-5.488000000e-007,-2.22346149e-020
-5.486000000e-007,0.00019140625
-5.484000000e-007,0.00040625
-5.482000000e-007,0.000509375
-5.480000000e-007,-0.00012109375
-5.478000000e-007,-0.000471875
-5.476000000e-007,-0.0007953125
-5.474000000e-007,-0.0006453125
-5.472000000e-007,-0.000225
-5.470000000e-007,-1.640625e-005
-5.468000000e-007,9.6875e-005
-5.466000000e-007,0.00017109375
-5.464000000e-007,0.0004984375
-5.462000000e-007,0.0002296875
-5.460000000e-007,0.000203125
-5.458000000e-007,-5.234375e-005
-5.456000000e-007,-0.00020390625
-5.454000000e-007,-0.000115625
-5.452000000e-007,-0.0001515625
-5.450000000e-007,-0.00035078125
-5.448000000e-007,0.0002515625
-5.446000000e-007,0.00062421875
-5.444000000e-007,0.00040078125
-5.442000000e-007,0.00059375
-5.440000000e-007,0.0003984375
-5.438000000e-007,0.0002359375
-5.436000000e-007,-0.00021875
-5.434000000e-007,-0.0005
-5.432000000e-007,-0.000503125
-5.430000000e-007,-0.00060546875
-5.428000000e-007,-0.000278125
-5.426000000e-007,-5.46875e-006
-5.424000000e-007,0.00035
-5.422000000e-007,0.0007
-5.420000000e-007,0.00047734375
-5.418000000e-007,0.00059609375
-5.416000000e-007,0.000659375
-5.414000000e-007,0.00019921875
-5.412000000e-007,0.00039375
-5.410000000e-007,-1.015625e-005
-5.408000000e-007,0.00013359375
-5.406000000e-007,9.296875e-005
-5.404000000e-007,-1.5625e-006
-5.402000000e-007,0.0001125
-5.400000000e-007,0.00020078125
-5.398000000e-007,7.96875e-005
-5.396000000e-007,-0.000140625
-5.394000000e-007,-0.0002
-5.392000000e-007,-2.03125e-005
-5.390000000e-007,0.000196875
-5.388000000e-007,0.00010390625
-5.386000000e-007,0.0001890625
-5.384000000e-007,-9.296875e-005
-5.382000000e-007,-0.00018046875
-5.380000000e-007,4.6875e-005
-5.378000000e-007,0.0002453125
-5.376000000e-007,0.00038125
-5.374000000e-007,5.46875e-005
-5.372000000e-007,-0.0001296875
-5.370000000e-007,-0.00031875
-5.368000000e-007,-0.00035
-5.366000000e-007,0.0001328125
-5.364000000e-007,0.000340625
-5.362000000e-007,0.0003953125
-5.360000000e-007,0.00021640625
-5.358000000e-007,0.00040234375
-5.356000000e-007,-2.890625e-005
-5.354000000e-007,0.0001984375
-5.352000000e-007,-2.1875e-005
-5.350000000e-007,4.6875e-006
-5.348000000e-007,-9.0625e-005
-5.346000000e-007,0.0001984375
-5.344000000e-007,-4.6875e-006
-5.342000000e-007,-8.28125e-005
-5.340000000e-007,-0.00020703125
-5.338000000e-007,8.046875e-005
-5.336000000e-007,6.25e-006
-5.334000000e-007,3.203125e-005
-5.332000000e-007,-0.00028046875
-5.330000000e-007,-0.0001625
-5.328000000e-007,-8.984375e-005
-5.326000000e-007,1.5625e-006
-5.324000000e-007,0.00034765625
-5.322000000e-007,0.0004171875
-5.320000000e-007,0.000446875
-5.318000000e-007,0.00060234375
-5.316000000e-007,0.00044375
-5.314000000e-007,0.0002125
-5.312000000e-007,0.00026953125
-5.310000000e-007,0.00036015625
-5.308000000e-007,-9.375e-005
-5.306000000e-007,0.00019296875
-5.304000000e-007,-0.00018359375
-5.302000000e-007,-0.00012109375
-5.300000000e-007,-0.00010078125
-5.298000000e-007,-7.03125e-006
-5.296000000e-007,-2.22346149e-020
-5.294000000e-007,9.21875e-005
-5.292000000e-007,0.0003015625
-5.290000000e-007,0.00012109375
-5.288000000e-007,-0.0001015625
-5.286000000e-007,-0.00020390625
-5.284000000e-007,0.0001015625
-5.282000000e-007,-9.921875e-005
-5.280000000e-007,-9.84375e-005
-5.278000000e-007,-0.0002
-5.276000000e-007,-0.00018828125
-5.274000000e-007,0.000109375
-5.272000000e-007,0.00041875
-5.270000000e-007,0.00049453125
-5.268000000e-007,0.00039296875
-5.266000000e-007,0.000390625
-5.264000000e-007,0.000296875
-5.262000000e-007,0.0002875
-5.260000000e-007,5.078125e-005
-5.258000000e-007,1.5625e-006
-5.256000000e-007,-1.328125e-005
-5.254000000e-007,-0.00010546875
-5.252000000e-007,-8.59375e-005
-5.250000000e-007,1.328125e-005
-5.248000000e-007,-5.546875e-005
-5.246000000e-007,-0.0003109375
-5.244000000e-007,-0.00030625
-5.242000000e-007,-0.00027421875
-5.240000000e-007,0.000165625
-5.238000000e-007,0.00029921875
-5.236000000e-007,0.0001796875
-5.234000000e-007,-2.34375e-006
-5.232000000e-007,0.0001421875
-5.230000000e-007,0.00029453125
-5.228000000e-007,0.00020859375
-5.226000000e-007,0.00029296875
-5.224000000e-007,-4.53125e-005
-5.222000000e-007,-9.765625e-005
-5.220000000e-007,1.796875e-005
-5.218000000e-007,0.0002109375
-5.216000000e-007,0.000409375
-5.214000000e-007,0.000296875
-5.212000000e-007,-1.015625e-005
-5.210000000e-007,-9.921875e-005
-5.208000000e-007,-0.00019296875
-5.206000000e-007,9.765625e-005
-5.204000000e-007,-0.0001
-5.202000000e-007,-1.25e-005
-5.200000000e-007,0.0001
-5.198000000e-007,1.953125e-005
-5.196000000e-007,-1.25e-005
-5.194000000e-007,0.00019375
-5.192000000e-007,0.0001015625
-5.190000000e-007,0.00021484375
-5.188000000e-007,1.09375e-005
-5.186000000e-007,0.00017890625
-5.184000000e-007,3.28125e-005
-5.182000000e-007,-3.984375e-005
-5.180000000e-007,0.00019453125
-5.178000000e-007,9.6875e-005
-5.176000000e-007,0.00028828125
-5.174000000e-007,0.0002125
-5.172000000e-007,0.000203125
-5.170000000e-007,-4.921875e-005
-5.168000000e-007,-0.00047734375
-5.166000000e-007,-0.00062109375
-5.164000000e-007,-0.00031171875
-5.162000000e-007,-3.046875e-005
-5.160000000e-007,0.0002921875
-5.158000000e-007,0.00022109375
-5.156000000e-007,0.00010859375
-5.154000000e-007,-2.34375e-006
-5.152000000e-007,0.00019765625
-5.150000000e-007,0.0004046875
-5.148000000e-007,0.0002046875
-5.146000000e-007,0.00020234375
-5.144000000e-007,-7.03125e-006
-5.142000000e-007,-9.765625e-005
-5.140000000e-007,1.953125e-005
-5.138000000e-007,0.0004921875
-5.136000000e-007,0.0004
-5.134000000e-007,0.00060078125
-5.132000000e-007,0.0001671875
-5.130000000e-007,1.5625e-006
-5.128000000e-007,-3.125e-006
-5.126000000e-007,7.8125e-007
-5.124000000e-007,0.00020625
-5.122000000e-007,9.375e-005
-5.120000000e-007,-0.00030859375
-5.118000000e-007,8.59375e-006
-5.116000000e-007,0.00030078125
-5.114000000e-007,0.0001890625
-5.112000000e-007,-4.6875e-006
-5.110000000e-007,-3.125e-006
-5.108000000e-007,-0.00022890625
-5.106000000e-007,-0.0004015625
-5.104000000e-007,-0.0002984375
-5.102000000e-007,-0.000103125
-5.100000000e-007,0.0004125
-5.098000000e-007,0.0002
-5.096000000e-007,0.0004078125
-5.094000000e-007,0.00023046875
-5.092000000e-007,-0.00020078125
-5.090000000e-007,-1.953125e-005
-5.088000000e-007,0.00029921875
-5.086000000e-007,9.375e-006
-5.084000000e-007,-9.453125e-005
-5.082000000e-007,1.5625e-005
-5.080000000e-007,-0.00029453125
-5.078000000e-007,-0.00021953125
-5.076000000e-007,-0.000109375
-5.074000000e-007,9.375e-006
-5.072000000e-007,-0.00019375
-5.070000000e-007,-9.921875e-005
-5.068000000e-007,-0.000290625
-5.066000000e-007,-0.00022265625
-5.064000000e-007,-0.0001078125
-5.062000000e-007,-8.203125e-005
-5.060000000e-007,-0.000209375
-5.058000000e-007,6.484375e-005
-5.056000000e-007,9.453125e-005
-5.054000000e-007,0.0002078125
-5.052000000e-007,1.09375e-005
-5.050000000e-007,-2.22346149e-020
-5.048000000e-007,-9.375e-005
-5.046000000e-007,2.421875e-005
-5.044000000e-007,0.00040078125
-5.042000000e-007,0.00031953125
-5.040000000e-007,0.0001921875
-5.038000000e-007,-8.515625e-005
-5.036000000e-007,-0.00020625
-5.034000000e-007,-0.00030546875
-5.032000000e-007,-9.53125e-005
-5.030000000e-007,-0.00010390625
-5.028000000e-007,9.296875e-005
-5.026000000e-007,-0.00028984375
-5.024000000e-007,-0.00028515625
-5.022000000e-007,-0.00010234375
-5.020000000e-007,0.00010859375
-5.018000000e-007,3.125e-006
-5.016000000e-007,-0.00010390625
-5.014000000e-007,-0.00010234375
-5.012000000e-007,-7.8125e-005
-5.010000000e-007,0.00021328125
-5.008000000e-007,0.00026015625
-5.006000000e-007,0.00011640625
-5.004000000e-007,0.00040859375
-5.002000000e-007,0.00018515625
-5.000000000e-007,0.00021484375
-4.998000000e-007,0.000196875
-4.996000000e-007,0.00021171875
-4.994000000e-007,0.00017421875
-4.992000000e-007,-5.234375e-005
-4.990000000e-007,-0.0002421875
-4.988000000e-007,-0.00041796875
-4.986000000e-007,-0.0004109375
-4.984000000e-007,-0.00050546875
-4.982000000e-007,-0.00036875
-4.980000000e-007,-0.00011640625
-4.978000000e-007,0.00011015625
-4.976000000e-007,-7.734375e-005
-4.974000000e-007,-0.00030078125
-4.972000000e-007,-2.65625e-005
-4.970000000e-007,0.0003234375
-4.968000000e-007,0.0005453125
-4.966000000e-007,0.0005953125
-4.964000000e-007,0.000246875
-4.962000000e-007,-2.22346149e-020
-4.960000000e-007,-0.00012578125
-4.958000000e-007,-0.0002984375
-4.956000000e-007,-0.00015390625
-4.954000000e-007,0.00019921875
-4.952000000e-007,-2.109375e-005
-4.950000000e-007,8.75e-005
-4.948000000e-007,0.00050390625
-4.946000000e-007,0.0004375
-4.944000000e-007,0.00020859375
-4.942000000e-007,0.0001171875
-4.940000000e-007,-7.8125e-007
-4.938000000e-007,0.00010078125
-4.936000000e-007,-7.734375e-005
-4.934000000e-007,-0.0002015625
-4.932000000e-007,-0.00014375
-4.930000000e-007,0.00016484375
-4.928000000e-007,0.000115625
-4.926000000e-007,0.00019765625
-4.924000000e-007,1.5625e-005
-4.922000000e-007,-0.00026953125
-4.920000000e-007,-0.00031171875
-4.918000000e-007,-0.00010390625
-4.916000000e-007,0.000421875
-4.914000000e-007,0.000728125
-4.912000000e-007,0.0004109375
-4.910000000e-007,0.0004453125
-4.908000000e-007,-0.0001828125
-4.906000000e-007,-3.203125e-005
-4.904000000e-007,-8.75e-005
-4.902000000e-007,-0.00021484375
-4.900000000e-007,9.53125e-005
-4.898000000e-007,0.00019765625
-4.896000000e-007,0.00030078125
-4.894000000e-007,0.00011953125
-4.892000000e-007,-0.0001015625
-4.890000000e-007,-0.000203125
-4.888000000e-007,0.00011015625
-4.886000000e-007,0.0002984375
-4.884000000e-007,0.000403125
-4.882000000e-007,0.0002921875
-4.880000000e-007,-0.0001234375
-4.878000000e-007,-0.00020078125
-4.876000000e-007,-0.000196875
-4.874000000e-007,-9.375e-005
-4.872000000e-007,-0.0001296875
-4.870000000e-007,-0.0003046875
-4.868000000e-007,-0.0001625
-4.866000000e-007,1.5625e-005
-4.864000000e-007,9.6875e-005
-4.862000000e-007,0.0001140625
-4.860000000e-007,0.000171875
-4.858000000e-007,5.46875e-006
-4.856000000e-007,0.00024453125
-4.854000000e-007,0.00030390625
-4.852000000e-007,0.00026953125
-4.850000000e-007,8.828125e-005
-4.848000000e-007,0.000115625
-4.846000000e-007,0.000209375
-4.844000000e-007,0.00032265625
-4.842000000e-007,0.0003984375
-4.840000000e-007,0.0002875
-4.838000000e-007,8.125e-005
-4.836000000e-007,-8.4375e-005
-4.834000000e-007,9.453125e-005
-4.832000000e-007,-0.0001328125
-4.830000000e-007,-0.0001
-4.828000000e-007,-0.00021328125
-4.826000000e-007,-9.21875e-005
-4.824000000e-007,0.00024140625
-4.822000000e-007,0.0005109375
-4.820000000e-007,0.000590625
-4.818000000e-007,0.000296875
-4.816000000e-007,9.921875e-005
-4.814000000e-007,2.34375e-006
-4.812000000e-007,-0.00040625
-4.810000000e-007,-0.0001140625
-4.808000000e-007,-2.22346149e-020
-4.806000000e-007,0.00018359375
-4.804000000e-007,0.0003078125
-4.802000000e-007,-5.234375e-005
-4.800000000e-007,-0.00011171875
-4.798000000e-007,-5.9375e-005
-4.796000000e-007,-0.00028984375
-4.794000000e-007,-0.00019765625
-4.792000000e-007,-0.00042578125
-4.790000000e-007,-0.0006
-4.788000000e-007,-0.00052421875
-4.786000000e-007,-0.00029375
-4.784000000e-007,-0.00034453125
-4.782000000e-007,0.000353125
-4.780000000e-007,0.0001265625
-4.778000000e-007,0.00019921875
-4.776000000e-007,-0.00016015625
-4.774000000e-007,-0.00029609375
-4.772000000e-007,-0.00039765625
-4.770000000e-007,-0.000309375
-4.768000000e-007,-0.0002109375
-4.766000000e-007,0.00026484375
-4.764000000e-007,0.0003125
-4.762000000e-007,2.5e-005
-4.760000000e-007,-9.609375e-005
-4.758000000e-007,-0.00018984375
-4.756000000e-007,-0.0003
-4.754000000e-007,-0.000403125
-4.752000000e-007,-0.0003015625
-4.750000000e-007,-0.00030703125
-4.748000000e-007,-9.609375e-005
-4.746000000e-007,-0.00019765625
-4.744000000e-007,-8.984375e-005
-4.742000000e-007,9.296875e-005
-4.740000000e-007,0.00020078125
-4.738000000e-007,0.0003984375
-4.736000000e-007,0.000165625
-4.734000000e-007,-0.00030390625
-4.732000000e-007,-6.328125e-005
-4.730000000e-007,0.0003
-4.728000000e-007,9.53125e-005
-4.726000000e-007,9.921875e-005
-4.724000000e-007,-7.8125e-007
-4.722000000e-007,0.0001
-4.720000000e-007,-7.03125e-006
-4.718000000e-007,-9.921875e-005
-4.716000000e-007,-0.00011640625
-4.714000000e-007,-0.00040625
-4.712000000e-007,-0.00039140625
-4.710000000e-007,-0.00030390625
-4.708000000e-007,-9.609375e-005
-4.706000000e-007,-1.5625e-006
-4.704000000e-007,0.0002140625
-4.702000000e-007,0.00029921875
-4.700000000e-007,0.0002984375
-4.698000000e-007,0.000203125
-4.696000000e-007,0.0002
-4.694000000e-007,0.00029609375
-4.692000000e-007,0.000403125
-4.690000000e-007,0.0004078125
-4.688000000e-007,-1.015625e-005
-4.686000000e-007,-8.28125e-005
-4.684000000e-007,-0.0003015625
-4.682000000e-007,-8.828125e-005
-4.680000000e-007,-0.00039921875
-4.678000000e-007,4.6875e-005
-4.676000000e-007,0.00020859375
-4.674000000e-007,0.00019375
-4.672000000e-007,0.00020625
-4.670000000e-007,1.875e-005
-4.668000000e-007,-8.59375e-006
-4.666000000e-007,8.125e-005
-4.664000000e-007,0.00027265625
-4.662000000e-007,0.0004921875
-4.660000000e-007,0.00041875
-4.658000000e-007,0.0003921875
-4.656000000e-007,0.00031875
-4.654000000e-007,-5.9375e-005
-4.652000000e-007,-0.0001046875
-4.650000000e-007,-2.5e-005
-4.648000000e-007,0.0002015625
-4.646000000e-007,0.00048828125
-4.644000000e-007,0.0003921875
-4.642000000e-007,0.0002109375
-4.640000000e-007,-1.5625e-005
-4.638000000e-007,-0.0003015625
-4.636000000e-007,2.421875e-005
-4.634000000e-007,0.00029765625
-4.632000000e-007,0.0003078125
-4.630000000e-007,0.000403125
-4.628000000e-007,0.00017890625
-4.626000000e-007,0.00019765625
-4.624000000e-007,0.0001671875
-4.622000000e-007,-0.000103125
-4.620000000e-007,0.00022109375
-4.618000000e-007,-9.375e-006
-4.616000000e-007,1.25e-005
-4.614000000e-007,-1.5625e-006
-4.612000000e-007,2.34375e-006
-4.610000000e-007,0.00011796875
-4.608000000e-007,0.00016484375
-4.606000000e-007,-9.921875e-005
-4.604000000e-007,0.00015078125
-4.602000000e-007,-5.46875e-005
-4.600000000e-007,-0.00027109375
-4.598000000e-007,7.03125e-006
-4.596000000e-007,-0.00029375
-4.594000000e-007,-0.00053828125
-4.592000000e-007,-0.0005421875
-4.590000000e-007,-0.000284375
-4.588000000e-007,-0.000109375
-4.586000000e-007,0.00033671875
-4.584000000e-007,0.00025546875
-4.582000000e-007,5.9375e-005
-4.580000000e-007,-0.00026640625
-4.578000000e-007,-0.00028359375
-4.576000000e-007,-7.65625e-005
-4.574000000e-007,2.03125e-005
-4.572000000e-007,0.00038046875
-4.570000000e-007,0.00039140625
-4.568000000e-007,-5e-005
-4.566000000e-007,-0.0002
-4.564000000e-007,-0.00017890625
-4.562000000e-007,-1.5625e-006
-4.560000000e-007,8.59375e-006
-4.558000000e-007,0.000103125
-4.556000000e-007,-0.0001234375
-4.554000000e-007,-0.00020234375
-4.552000000e-007,-9.921875e-005
-4.550000000e-007,-0.0001015625
-4.548000000e-007,-9.453125e-005
-4.546000000e-007,-0.00020625
-4.544000000e-007,-1.5625e-005
-4.542000000e-007,1.5625e-005
-4.540000000e-007,-8.28125e-005
-4.538000000e-007,-0.0003015625
-4.536000000e-007,-0.00013671875
-4.534000000e-007,-9.84375e-005
-4.532000000e-007,-2.03125e-005
-4.530000000e-007,-1.171875e-005
-4.528000000e-007,0.000125
-4.526000000e-007,0.0002578125
-4.524000000e-007,-0.0001359375
-4.522000000e-007,-0.0002765625
-4.520000000e-007,0.00021328125
-4.518000000e-007,0.000615625
-4.516000000e-007,0.00031640625
-4.514000000e-007,0.00039765625
-4.512000000e-007,0.00011640625
-4.510000000e-007,-0.00016328125
-4.508000000e-007,-0.00049765625
-4.506000000e-007,-0.0003171875
-4.504000000e-007,-0.00020234375
-4.502000000e-007,8.828125e-005
-4.500000000e-007,0.00019609375
-4.498000000e-007,-0.00019765625
-4.496000000e-007,-2.22346149e-020
-4.494000000e-007,-0.00010390625
-4.492000000e-007,0.00040859375
-4.490000000e-007,0.0002015625
-4.488000000e-007,-6.25e-006
-4.486000000e-007,-9.84375e-005
-4.484000000e-007,5.46875e-006
-4.482000000e-007,-2.22346149e-020
-4.480000000e-007,0.0001125
-4.478000000e-007,0.0002
-4.476000000e-007,6.09375e-005
-4.474000000e-007,-0.00010390625
-4.472000000e-007,4.140625e-005
-4.470000000e-007,0.0002078125
-4.468000000e-007,-2.34375e-006
-4.466000000e-007,-0.0001671875
-4.464000000e-007,0.00021640625
-4.462000000e-007,-0.0001234375
-4.460000000e-007,-8.4375e-005
-4.458000000e-007,3.90625e-005
-4.456000000e-007,0.0003328125
-4.454000000e-007,0.00017109375
-4.452000000e-007,-2.265625e-005
-4.450000000e-007,1.640625e-005
-4.448000000e-007,0.0002234375
-4.446000000e-007,0.00018828125
-4.444000000e-007,0.0001046875
-4.442000000e-007,0.00020078125
-4.440000000e-007,0.0003609375
-4.438000000e-007,0.00056484375
-4.436000000e-007,-9.609375e-005
-4.434000000e-007,-0.000209375
-4.432000000e-007,-0.00052109375
-4.430000000e-007,-0.00039765625
-4.428000000e-007,-0.0002625
-4.426000000e-007,0.00011015625
-4.424000000e-007,9.453125e-005
-4.422000000e-007,9.921875e-005
-4.420000000e-007,-5.46875e-006
-4.418000000e-007,-9.921875e-005
-4.416000000e-007,-0.0001953125
-4.414000000e-007,-7.8125e-007
-4.412000000e-007,-0.0001
-4.410000000e-007,9.6875e-005
-4.408000000e-007,-2.34375e-006
-4.406000000e-007,0.0002140625
-4.404000000e-007,-0.000171875
-4.402000000e-007,-0.00020703125
-4.400000000e-007,-0.00035625
-4.398000000e-007,-0.00044609375
-4.396000000e-007,-0.00022421875
-4.394000000e-007,-0.00020703125
-4.392000000e-007,-2.109375e-005
-4.390000000e-007,8.203125e-005
-4.388000000e-007,0.00020078125
-4.386000000e-007,9.765625e-005
-4.384000000e-007,0.0003609375
-4.382000000e-007,0.00062109375
-4.380000000e-007,0.00023671875
-4.378000000e-007,2.1875e-005
-4.376000000e-007,-0.0001953125
-4.374000000e-007,-2.890625e-005
-4.372000000e-007,9.6875e-005
-4.370000000e-007,0.00019296875
-4.368000000e-007,0.0002015625
-4.366000000e-007,0.00011875
-4.364000000e-007,-7.8125e-007
-4.362000000e-007,9.609375e-005
-4.360000000e-007,9.921875e-005
-4.358000000e-007,0.000290625
-4.356000000e-007,0.0002125
-4.354000000e-007,-9.765625e-005
-4.352000000e-007,-1.5625e-006
-4.350000000e-007,-0.0001109375
-4.348000000e-007,0.0003046875
-4.346000000e-007,9.453125e-005
-4.344000000e-007,0.00050078125
-4.342000000e-007,0.0004046875
-4.340000000e-007,0.00018984375
-4.338000000e-007,9.84375e-005
-4.336000000e-007,-3.125e-006
-4.334000000e-007,-0.00010234375
-4.332000000e-007,-0.0002953125
-4.330000000e-007,7.8125e-007
-4.328000000e-007,-0.000209375
-4.326000000e-007,4.6875e-006
-4.324000000e-007,9.53125e-005
-4.322000000e-007,7.8125e-007
-4.320000000e-007,-2.65625e-005
-4.318000000e-007,-0.00040078125
-4.316000000e-007,-0.00019921875
-4.314000000e-007,-0.000403125
-4.312000000e-007,0.00011171875
-4.310000000e-007,0.0002984375
-4.308000000e-007,0.00040703125
-4.306000000e-007,0.0003015625
-4.304000000e-007,-6.25e-006
-4.302000000e-007,-8.90625e-005
-4.300000000e-007,-0.00030078125
-4.298000000e-007,-0.00020546875
-4.296000000e-007,-9.375e-005
-4.294000000e-007,0.0001
-4.292000000e-007,3.125e-006
-4.290000000e-007,0.0002109375
-4.288000000e-007,-9.6875e-005
-4.286000000e-007,0.0001015625
-4.284000000e-007,-0.00026953125
-4.282000000e-007,-0.00040625
-4.280000000e-007,-0.00032265625
-4.278000000e-007,-2.34375e-005
-4.276000000e-007,9.296875e-005
-4.274000000e-007,0.0002125
-4.272000000e-007,-7.109375e-005
-4.270000000e-007,-0.0001109375
-4.268000000e-007,-2.421875e-005
-4.266000000e-007,0.00022421875
-4.264000000e-007,-9.6875e-005
-4.262000000e-007,0.0001859375
-4.260000000e-007,-0.0001671875
-4.258000000e-007,-0.00032734375
-4.256000000e-007,-0.0002
-4.254000000e-007,-0.00016484375
-4.252000000e-007,0.0003015625
-4.250000000e-007,0.00031640625
-4.248000000e-007,0.0001921875
-4.246000000e-007,-0.0001703125
-4.244000000e-007,-0.0003953125
-4.242000000e-007,-0.00010859375
-4.240000000e-007,1.5625e-005
-4.238000000e-007,0.00039765625
-4.236000000e-007,0.00015546875
-4.234000000e-007,-9.765625e-005
-4.232000000e-007,-9.84375e-005
-4.230000000e-007,-0.0001
-4.228000000e-007,-0.00010703125
-4.226000000e-007,-0.00010390625
-4.224000000e-007,0.0001
-4.222000000e-007,-0.0001046875
-4.220000000e-007,3.125e-005
-4.218000000e-007,0.0002109375
-4.216000000e-007,0.00041640625
-4.214000000e-007,0.00028203125
-4.212000000e-007,7.96875e-005
-4.210000000e-007,-1.015625e-005
-4.208000000e-007,5.78125e-005
-4.206000000e-007,0.0003015625
-4.204000000e-007,0.000375
-4.202000000e-007,0.0006984375
-4.200000000e-007,0.000265625
-4.198000000e-007,-2.96875e-005
-4.196000000e-007,-0.000115625
-4.194000000e-007,-0.00022109375
-4.192000000e-007,-0.00012265625
-4.190000000e-007,0.00022265625
-4.188000000e-007,0.00021171875
-4.186000000e-007,0.000290625
-4.184000000e-007,0.00020078125
-4.182000000e-007,0.00017734375
-4.180000000e-007,-0.00027890625
-4.178000000e-007,-0.00038984375
-4.176000000e-007,-0.0001171875
-4.174000000e-007,0.000203125
-4.172000000e-007,0.00018359375
-4.170000000e-007,1.5625e-006
-4.168000000e-007,-8.671875e-005
-4.166000000e-007,3.125e-006
-4.164000000e-007,-0.00019609375
-4.162000000e-007,9.453125e-005
-4.160000000e-007,-3.125e-006
-4.158000000e-007,0.0001953125
-4.156000000e-007,0.00030390625
-4.154000000e-007,0.000525
-4.152000000e-007,0.00011953125
-4.150000000e-007,0.00011015625
-4.148000000e-007,-9.765625e-005
-4.146000000e-007,0.0001671875
-4.144000000e-007,0.000103125
-4.142000000e-007,0.00029296875
-4.140000000e-007,5.703125e-005
-4.138000000e-007,-6.25e-006
-4.136000000e-007,-8.90625e-005
-4.134000000e-007,7.578125e-005
-4.132000000e-007,0.00031875
-4.130000000e-007,0.000103125
-4.128000000e-007,-0.00026484375
-4.126000000e-007,-0.0003421875
-4.124000000e-007,-5.625e-005
-4.122000000e-007,0.000215625
-4.120000000e-007,-2.22346149e-020
-4.118000000e-007,0.000209375
-4.116000000e-007,-0.0001859375
-4.114000000e-007,-0.000121875
-4.112000000e-007,-9.921875e-005
-4.110000000e-007,6.40625e-005
-4.108000000e-007,0.00059375
-4.106000000e-007,0.00060859375
-4.104000000e-007,0.0004
-4.102000000e-007,0.0004125
-4.100000000e-007,9.84375e-005
-4.098000000e-007,-7.8125e-007
-4.096000000e-007,-6.25e-006
-4.094000000e-007,-0.0002984375
-4.092000000e-007,-0.00039140625
-4.090000000e-007,-9.53125e-005
-4.088000000e-007,1.5625e-006
-4.086000000e-007,-7.8125e-007
-4.084000000e-007,-0.00011171875
-4.082000000e-007,-0.00019921875
-4.080000000e-007,-6.953125e-005
-4.078000000e-007,0.00012265625
-4.076000000e-007,1.09375e-005
-4.074000000e-007,-0.00039296875
-4.072000000e-007,-4.375e-005
-4.070000000e-007,2.65625e-005
-4.068000000e-007,0.00031015625
-4.066000000e-007,-3.90625e-005
-4.064000000e-007,-4.765625e-005
-4.062000000e-007,0.0002078125
-4.060000000e-007,6.25e-005
-4.058000000e-007,0.000121875
-4.056000000e-007,0.00033359375
-4.054000000e-007,0.00039453125
-4.052000000e-007,0.00027734375
-4.050000000e-007,7.8125e-005
-4.048000000e-007,-9.53125e-005
-4.046000000e-007,0.000109375
-4.044000000e-007,0.0002265625
-4.042000000e-007,0.0004046875
-4.040000000e-007,0.0002640625
-4.038000000e-007,0.00020234375
-4.036000000e-007,0.000321875
-4.034000000e-007,0.0002921875
-4.032000000e-007,0.0001109375
-4.030000000e-007,0.000184375
-4.028000000e-007,-0.00031484375
-4.026000000e-007,3.125e-006
-4.024000000e-007,-9.375e-006
-4.022000000e-007,-0.0001
-4.020000000e-007,-0.00010390625
-4.018000000e-007,-0.00020078125
-4.016000000e-007,0.0001
-4.014000000e-007,0.00049375
-4.012000000e-007,0.000315625
-4.010000000e-007,8.90625e-005
-4.008000000e-007,0.0002046875
-4.006000000e-007,-1.25e-005
-4.004000000e-007,0.00027265625
-4.002000000e-007,7.265625e-005
-4.000000000e-007,-1.09375e-005
-3.998000000e-007,-7.890625e-005
-3.996000000e-007,-0.00018671875
-3.994000000e-007,-0.000240625
-3.992000000e-007,0.00016015625
-3.990000000e-007,0.000296875
-3.988000000e-007,0.00038984375
-3.986000000e-007,0.0003453125
-3.984000000e-007,-7.421875e-005
-3.982000000e-007,-0.000109375
-3.980000000e-007,-0.000184375
-3.978000000e-007,-0.00039140625
-3.976000000e-007,-0.0003078125
-3.974000000e-007,-0.00010546875
-3.972000000e-007,-0.000103125
-3.970000000e-007,6.25e-006
-3.968000000e-007,-0.00010234375
-3.966000000e-007,9.375e-005
-3.964000000e-007,-2.22346149e-020
-3.962000000e-007,0.00018984375
-3.960000000e-007,0.0002015625
-3.958000000e-007,0.00019921875
-3.956000000e-007,9.21875e-005
-3.954000000e-007,-0.00010078125
-3.952000000e-007,0.00011171875
-3.950000000e-007,0.00020234375
-3.948000000e-007,9.84375e-005
-3.946000000e-007,-9.921875e-005
-3.944000000e-007,-0.0001125
-3.942000000e-007,-0.00029609375
-3.940000000e-007,0.00011953125
-3.938000000e-007,9.921875e-005
-3.936000000e-007,0.0002
-3.934000000e-007,-3.125e-006
-3.932000000e-007,-0.00020546875
-3.930000000e-007,-0.0003046875
-3.928000000e-007,-0.0006015625
-3.926000000e-007,-0.0003890625
-3.924000000e-007,-0.00017890625
-3.922000000e-007,0.00010625
-3.920000000e-007,9.296875e-005
-3.918000000e-007,9.765625e-005
-3.916000000e-007,0.0003109375
-3.914000000e-007,0.0007984375
-3.912000000e-007,0.00068984375
-3.910000000e-007,0.0006015625
-3.908000000e-007,0.0002859375
-3.906000000e-007,-0.0001703125
-3.904000000e-007,-0.00050078125
-3.902000000e-007,-0.0004125
-3.900000000e-007,-9.453125e-005
-3.898000000e-007,-9.84375e-005
-3.896000000e-007,-9.609375e-005
-3.894000000e-007,6.25e-006
-3.892000000e-007,-0.0001921875
-3.890000000e-007,-0.000375
-3.888000000e-007,-0.000596875
-3.886000000e-007,-0.00050703125
-3.884000000e-007,-0.00058984375
-3.882000000e-007,-0.00053203125
-3.880000000e-007,-0.00020859375
-3.878000000e-007,-0.0002015625
-3.876000000e-007,-2.96875e-005
-3.874000000e-007,4.140625e-005
-3.872000000e-007,-0.0002921875
-3.870000000e-007,-4.921875e-005
-3.868000000e-007,-4.765625e-005
-3.866000000e-007,-0.0001734375
-3.864000000e-007,0.00029140625
-3.862000000e-007,-5.3125e-005
-3.860000000e-007,-7.03125e-006
-3.858000000e-007,-0.0001671875
-3.856000000e-007,-0.00020078125
-3.854000000e-007,-0.00035703125
-3.852000000e-007,-0.0006015625
-3.850000000e-007,-0.0004140625
-3.848000000e-007,-0.0005140625
-3.846000000e-007,-0.0006234375
-3.844000000e-007,0.00013046875
-3.842000000e-007,0.00010390625
-3.840000000e-007,-1.09375e-005
-3.838000000e-007,-0.0001015625
-3.836000000e-007,-0.000121875
-3.834000000e-007,-0.0003015625
-3.832000000e-007,-2.22346149e-020
-3.830000000e-007,-0.0003
-3.828000000e-007,-6.484375e-005
-3.826000000e-007,-0.0001046875
-3.824000000e-007,-9.0625e-005
-3.822000000e-007,6.25e-006
-3.820000000e-007,0.000103125
-3.818000000e-007,0.00010625
-3.816000000e-007,0.00020078125
-3.814000000e-007,-3.59375e-005
-3.812000000e-007,-0.00014921875
-3.810000000e-007,0.000215625
-3.808000000e-007,0.00023125
-3.806000000e-007,0.0003828125
-3.804000000e-007,-1.171875e-005
-3.802000000e-007,-0.00035859375
-3.800000000e-007,-0.00046953125
-3.798000000e-007,-0.0001578125
-3.796000000e-007,-0.00012265625
-3.794000000e-007,-5.15625e-005
-3.792000000e-007,0.000228125
-3.790000000e-007,-4.921875e-005
-3.788000000e-007,-0.00019140625
-3.786000000e-007,-0.00010078125
-3.784000000e-007,-6.25e-005
-3.782000000e-007,0.00020859375
-3.780000000e-007,0.00021796875
-3.778000000e-007,0.0002953125
-3.776000000e-007,-3.203125e-005
-3.774000000e-007,-1.5625e-006
-3.772000000e-007,0.00012578125
-3.770000000e-007,0.0002984375
-3.768000000e-007,0.00029296875
-3.766000000e-007,0.00020546875
-3.764000000e-007,9.140625e-005
-3.762000000e-007,-8.90625e-005
-3.760000000e-007,-0.00050390625
-3.758000000e-007,-0.000415625
-3.756000000e-007,-0.000403125
-3.754000000e-007,-0.0002296875
-3.752000000e-007,-0.0001015625
-3.750000000e-007,-9.921875e-005
-3.748000000e-007,-9.765625e-005
-3.746000000e-007,-0.0001703125
-3.744000000e-007,-0.00027734375
-3.742000000e-007,-0.00034765625
-3.740000000e-007,-7.03125e-005
-3.738000000e-007,0.0001296875
-3.736000000e-007,0.00040703125
-3.734000000e-007,0.0005578125
-3.732000000e-007,0.00023046875
-3.730000000e-007,0.00022421875
-3.728000000e-007,7.8125e-007
-3.726000000e-007,0.00034453125
-3.724000000e-007,0.000321875
-3.722000000e-007,6.171875e-005
-3.720000000e-007,-0.00048515625
-3.718000000e-007,-0.00059609375
-3.716000000e-007,-0.0007
-3.714000000e-007,-0.0005234375
-3.712000000e-007,-0.00020546875
-3.710000000e-007,3.90625e-006
-3.708000000e-007,-0.00030546875
-3.706000000e-007,-0.000484375
-3.704000000e-007,-0.00070078125
-3.702000000e-007,-0.00050625
-3.700000000e-007,-0.00018984375
-3.698000000e-007,-2.22346149e-020
-3.696000000e-007,-0.00021640625
-3.694000000e-007,-0.00039765625
-3.692000000e-007,-0.00019609375
-3.690000000e-007,-0.00030078125
-3.688000000e-007,-7.578125e-005
-3.686000000e-007,-1.40625e-005
-3.684000000e-007,-0.00018359375
-3.682000000e-007,0.000246875
-3.680000000e-007,0.00039765625
-3.678000000e-007,0.00028515625
-3.676000000e-007,0.0001921875
-3.674000000e-007,7.5e-005
-3.672000000e-007,-0.00027109375
-3.670000000e-007,-0.0005265625
-3.668000000e-007,-0.00054453125
-3.666000000e-007,-0.0003125
-3.664000000e-007,-0.00049609375
-3.662000000e-007,-0.00017109375
-3.660000000e-007,-7.734375e-005
-3.658000000e-007,0.00023359375
-3.656000000e-007,0.00053671875
-3.654000000e-007,0.0004765625
-3.652000000e-007,6.640625e-005
-3.650000000e-007,1.328125e-005
-3.648000000e-007,0.00020390625
-3.646000000e-007,9.84375e-005
-3.644000000e-007,0.00022109375
-3.642000000e-007,8.59375e-005
-3.640000000e-007,-9.84375e-005
-3.638000000e-007,-1.5625e-006
-3.636000000e-007,-9.140625e-005
-3.634000000e-007,0.00010234375
-3.632000000e-007,-6.25e-006
-3.630000000e-007,0.0001015625
-3.628000000e-007,8.90625e-005
-3.626000000e-007,-0.0001984375
-3.624000000e-007,-0.0002953125
-3.622000000e-007,-0.000196875
-3.620000000e-007,-0.0003
-3.618000000e-007,-1.875e-005
-3.616000000e-007,0.00010703125
-3.614000000e-007,-0.00016015625
-3.612000000e-007,-0.0002953125
-3.610000000e-007,-0.00032421875
-3.608000000e-007,-6.796875e-005
-3.606000000e-007,0.0003171875
-3.604000000e-007,0.00052578125
-3.602000000e-007,0.000253125
-3.600000000e-007,8.984375e-005
-3.598000000e-007,0.000209375
-3.596000000e-007,9.140625e-005
-3.594000000e-007,0.00037421875
-3.592000000e-007,0.00030625
-3.590000000e-007,0.0004015625
-3.588000000e-007,5.390625e-005
-3.586000000e-007,-0.00037578125
-3.584000000e-007,-0.000409375
-3.582000000e-007,-0.00021328125
-3.580000000e-007,-0.00011015625
-3.578000000e-007,0.0002828125
-3.576000000e-007,0.00020625
-3.574000000e-007,0.0001328125
-3.572000000e-007,-0.0001953125
-3.570000000e-007,-7.8125e-006
-3.568000000e-007,-0.0001
-3.566000000e-007,9.21875e-005
-3.564000000e-007,9.6875e-005
-3.562000000e-007,0.00029453125
-3.560000000e-007,8.59375e-005
-3.558000000e-007,-0.00019921875
-3.556000000e-007,1.328125e-005
-3.554000000e-007,0.000190625
-3.552000000e-007,0.0003
-3.550000000e-007,0.0002015625
-3.548000000e-007,0.00020078125
-3.546000000e-007,0.00020078125
-3.544000000e-007,0.0001953125
-3.542000000e-007,9.921875e-005
-3.540000000e-007,0.0002078125
-3.538000000e-007,0.00029765625
-3.536000000e-007,-0.00012734375
-3.534000000e-007,-0.0001984375
-3.532000000e-007,-9.453125e-005
-3.530000000e-007,0.0001046875
-3.528000000e-007,9.21875e-005
-3.526000000e-007,-1.5625e-006
-3.524000000e-007,9.375e-006
-3.522000000e-007,0.0001
-3.520000000e-007,0.0001046875
-3.518000000e-007,0.0003984375
-3.516000000e-007,0.00050859375
-3.514000000e-007,0.00069921875
-3.512000000e-007,0.00068984375
-3.510000000e-007,0.00013671875
-3.508000000e-007,-0.00020078125
-3.506000000e-007,-0.0001
-3.504000000e-007,-9.609375e-005
-3.502000000e-007,0.00019609375
-3.500000000e-007,-1.328125e-005
-3.498000000e-007,-0.00020234375
-3.496000000e-007,-0.00010234375
-3.494000000e-007,-0.000175
-3.492000000e-007,-0.0003109375
-3.490000000e-007,-1.71875e-005
-3.488000000e-007,-8.515625e-005
-3.486000000e-007,-0.0001046875
-3.484000000e-007,-0.00010078125
-3.482000000e-007,-9.296875e-005
-3.480000000e-007,-0.0001921875
-3.478000000e-007,-6.328125e-005
-3.476000000e-007,0.00038203125
-3.474000000e-007,0.00023984375
-3.472000000e-007,0.0002484375
-3.470000000e-007,0.0004375
-3.468000000e-007,0.0001109375
-3.466000000e-007,0.000271875
-3.464000000e-007,0.00029453125
-3.462000000e-007,0.00051875
-3.460000000e-007,0.0001984375
-3.458000000e-007,0.00021875
-3.456000000e-007,-0.00021875
-3.454000000e-007,-0.00049609375
-3.452000000e-007,-0.000490625
-3.450000000e-007,-0.00021015625
-3.448000000e-007,2.34375e-005
-3.446000000e-007,0.00049453125
-3.444000000e-007,0.0005
-3.442000000e-007,0.0005109375
-3.440000000e-007,7.578125e-005
-3.438000000e-007,0.00019765625
-3.436000000e-007,0.00019609375
-3.434000000e-007,0.00020078125
-3.432000000e-007,0.00021796875
-3.430000000e-007,0.00040546875
-3.428000000e-007,0.0003875
-3.426000000e-007,0.00029453125
-3.424000000e-007,0.00018671875
-3.422000000e-007,0.00020546875
-3.420000000e-007,0.00031875
-3.418000000e-007,0.00027578125
-3.416000000e-007,-5.78125e-005
-3.414000000e-007,-0.00022890625
-3.412000000e-007,-0.0004
-3.410000000e-007,-0.0001578125
-3.408000000e-007,5.78125e-005
-3.406000000e-007,0.0002078125
-3.404000000e-007,0.0002
-3.402000000e-007,0.00018671875
-3.400000000e-007,-8.90625e-005
-3.398000000e-007,-0.0001484375
-3.396000000e-007,0.000275
-3.394000000e-007,0.00018203125
-3.392000000e-007,4.765625e-005
-3.390000000e-007,-0.00021328125
-3.388000000e-007,-0.00032734375
-3.386000000e-007,-0.00026328125
-3.384000000e-007,0.00030859375
-3.382000000e-007,0.000503125
-3.380000000e-007,0.00046328125
-3.378000000e-007,0.00010078125
-3.376000000e-007,9.375e-005
-3.374000000e-007,-9.609375e-005
-3.372000000e-007,-0.00020859375
-3.370000000e-007,-0.00029609375
-3.368000000e-007,-0.00028828125
-3.366000000e-007,-9.375e-006
-3.364000000e-007,0.00030390625
-3.362000000e-007,0.000325
-3.360000000e-007,0.0001109375
-3.358000000e-007,2.1875e-005
-3.356000000e-007,-0.00011015625
-3.354000000e-007,0.0001953125
-3.352000000e-007,-7.5e-005
-3.350000000e-007,-7.578125e-005
-3.348000000e-007,-0.0003625
-3.346000000e-007,-0.0002046875
-3.344000000e-007,-6.796875e-005
-3.342000000e-007,-0.00019453125
-3.340000000e-007,-0.0001421875
-3.338000000e-007,-1.875e-005
-3.336000000e-007,8.59375e-006
-3.334000000e-007,-8.203125e-005
-3.332000000e-007,-4.0625e-005
-3.330000000e-007,0.000284375
-3.328000000e-007,0.0001984375
-3.326000000e-007,0.0004671875
-3.324000000e-007,0.00041171875
-3.322000000e-007,0.00021640625
-3.320000000e-007,1.25e-005
-3.318000000e-007,-0.00028828125
-3.316000000e-007,-0.0003015625
-3.314000000e-007,-0.00020546875
-3.312000000e-007,3.125e-006
-3.310000000e-007,3.90625e-006
-3.308000000e-007,-0.00010234375
-3.306000000e-007,-0.00030390625
-3.304000000e-007,3.90625e-006
-3.302000000e-007,-2.34375e-006
-3.300000000e-007,0.00051015625
-3.298000000e-007,0.00019140625
-3.296000000e-007,3.125e-006
-3.294000000e-007,0.00010078125
-3.292000000e-007,0.00010234375
-3.290000000e-007,0.00020546875
-3.288000000e-007,0.0001828125
-3.286000000e-007,9.53125e-005
-3.284000000e-007,9.609375e-005
-3.282000000e-007,-1.5625e-005
-3.280000000e-007,-9.765625e-005
-3.278000000e-007,7.8125e-006
-3.276000000e-007,-2.734375e-005
-3.274000000e-007,-9.296875e-005
-3.272000000e-007,0.00017578125
-3.270000000e-007,0.00040625
-3.268000000e-007,0.00024453125
-3.266000000e-007,9.375e-005
-3.264000000e-007,9.84375e-005
-3.262000000e-007,-1.71875e-005
-3.260000000e-007,-7.890625e-005
-3.258000000e-007,0.0001015625
-3.256000000e-007,-6.25e-006
-3.254000000e-007,-3.125e-006
-3.252000000e-007,4.375e-005
-3.250000000e-007,0.00041875
-3.248000000e-007,0.00040703125
-3.246000000e-007,0.00038359375
-3.244000000e-007,-3.28125e-005
-3.242000000e-007,-2.34375e-006
-3.240000000e-007,-9.140625e-005
-3.238000000e-007,-9.375e-006
-3.236000000e-007,-0.00017734375
-3.234000000e-007,0.0002984375
-3.232000000e-007,-0.0001171875
-3.230000000e-007,9.609375e-005
-3.228000000e-007,0.0002984375
-3.226000000e-007,0.00011015625
-3.224000000e-007,-2.22346149e-020
-3.222000000e-007,-2.22346149e-020
-3.220000000e-007,-2.22346149e-020
-3.218000000e-007,-3.125e-006
-3.216000000e-007,8.28125e-005
-3.214000000e-007,0.00030234375
-3.212000000e-007,0.0001890625
-3.210000000e-007,0.00041015625
-3.208000000e-007,0.00018984375
-3.206000000e-007,0.00055546875
-3.204000000e-007,0.00035546875
-3.202000000e-007,9.296875e-005
-3.200000000e-007,0.00018984375
-3.198000000e-007,0.00021484375
-3.196000000e-007,0.0001015625
-3.194000000e-007,5e-005
-3.192000000e-007,-0.00047109375
-3.190000000e-007,-0.00041484375
-3.188000000e-007,-0.00040859375
-3.186000000e-007,-3.984375e-005
-3.184000000e-007,9.609375e-005
-3.182000000e-007,0.00020625
-3.180000000e-007,-8.125e-005
-3.178000000e-007,-0.00030078125
-3.176000000e-007,-0.000209375
-3.174000000e-007,-0.00018515625
-3.172000000e-007,-0.0003015625
-3.170000000e-007,8.984375e-005
-3.168000000e-007,-9.140625e-005
-3.166000000e-007,6.953125e-005
-3.164000000e-007,0.0005
-3.162000000e-007,0.0001109375
-3.160000000e-007,0.0002109375
-3.158000000e-007,0.0002109375
-3.156000000e-007,-1.5625e-006
-3.154000000e-007,-0.00019921875
-3.152000000e-007,-0.000209375
-3.150000000e-007,-0.00040078125
-3.148000000e-007,-0.00017421875
-3.146000000e-007,-7.8125e-007
-3.144000000e-007,-0.00020234375
-3.142000000e-007,-0.00020234375
-3.140000000e-007,-0.0005140625
-3.138000000e-007,-0.0003953125
-3.136000000e-007,-0.0001890625
-3.134000000e-007,9.84375e-005
-3.132000000e-007,-0.00010078125
-3.130000000e-007,-5.46875e-006
-3.128000000e-007,-0.0004296875
-3.126000000e-007,-0.00030625
-3.124000000e-007,-0.0002015625
-3.122000000e-007,-0.00010234375
-3.120000000e-007,0.00041484375
-3.118000000e-007,0.0002
-3.116000000e-007,0.00030546875
-3.114000000e-007,0.000215625
-3.112000000e-007,-7.8125e-007
-3.110000000e-007,-3.90625e-006
-3.108000000e-007,-4.6875e-006
-3.106000000e-007,-0.0002
-3.104000000e-007,0.0001171875
-3.102000000e-007,0.0004890625
-3.100000000e-007,0.00040703125
-3.098000000e-007,0.00013828125
-3.096000000e-007,-0.00018984375
-3.094000000e-007,-0.0002015625
-3.092000000e-007,-0.00013359375
-3.090000000e-007,0.00028515625
-3.088000000e-007,0.00011015625
-3.086000000e-007,0.0001125
-3.084000000e-007,-0.00010390625
-3.082000000e-007,0.0002546875
-3.080000000e-007,0.000225
-3.078000000e-007,9.53125e-005
-3.076000000e-007,0.0001125
-3.074000000e-007,3.125e-006
-3.072000000e-007,9.21875e-005
-3.070000000e-007,0.00011328125
-3.068000000e-007,9.21875e-005
-3.066000000e-007,0.000228125
-3.064000000e-007,-0.0001015625
-3.062000000e-007,-0.00020078125
-3.060000000e-007,-0.0003078125
-3.058000000e-007,-0.0005
-3.056000000e-007,-0.00039140625
-3.054000000e-007,-0.00021171875
-3.052000000e-007,0.0001203125
-3.050000000e-007,0.00030078125
-3.048000000e-007,6.953125e-005
-3.046000000e-007,-9.84375e-005
-3.044000000e-007,3.4375e-005
-3.042000000e-007,0.0003984375
-3.040000000e-007,0.000284375
-3.038000000e-007,0.00010625
-3.036000000e-007,-0.00020234375
-3.034000000e-007,-7.8125e-007
-3.032000000e-007,-0.00023046875
-3.030000000e-007,-8.828125e-005
-3.028000000e-007,0.00012578125
-3.026000000e-007,8.671875e-005
-3.024000000e-007,-0.00012890625
-3.022000000e-007,-0.000196875
-3.020000000e-007,-5.9375e-005
-3.018000000e-007,-1.484375e-005
-3.016000000e-007,-8.28125e-005
-3.014000000e-007,-2.34375e-005
-3.012000000e-007,-0.000215625
-3.010000000e-007,-8.59375e-005
-3.008000000e-007,-0.0001
-3.006000000e-007,2.96875e-005
-3.004000000e-007,0.00025078125
-3.002000000e-007,0.00013125
-3.000000000e-007,-0.00024765625
-2.998000000e-007,-0.0002140625
-2.996000000e-007,-0.00044140625
-2.994000000e-007,-0.00038984375
-2.992000000e-007,-0.0002796875
-2.990000000e-007,-0.00019375
-2.988000000e-007,-4.53125e-005
-2.986000000e-007,0.0002015625
-2.984000000e-007,6.484375e-005
-2.982000000e-007,-0.00019765625
-2.980000000e-007,-0.0003015625
-2.978000000e-007,-0.000109375
-2.976000000e-007,0.000215625
-2.974000000e-007,0.00010703125
-2.972000000e-007,0.00010546875
-2.970000000e-007,0.000103125
-2.968000000e-007,-2.22346149e-020
-2.966000000e-007,0.00010703125
-2.964000000e-007,-4.6875e-006
-2.962000000e-007,0.00012890625
-2.960000000e-007,-0.00036875
-2.958000000e-007,-0.0003453125
-2.956000000e-007,-0.000215625
-2.954000000e-007,7.65625e-005
-2.952000000e-007,1.5625e-006
-2.950000000e-007,0.00024765625
-2.948000000e-007,0.00021328125
-2.946000000e-007,0.00037578125
-2.944000000e-007,0.00024375
-2.942000000e-007,0.000290625
-2.940000000e-007,0.00012578125
-2.938000000e-007,0.00018046875
-2.936000000e-007,0.000178125
-2.934000000e-007,0.00042578125
-2.932000000e-007,-6.71875e-005
-2.930000000e-007,-1.640625e-005
-2.928000000e-007,-0.0001
-2.926000000e-007,1.796875e-005
-2.924000000e-007,-0.00038828125
-2.922000000e-007,-0.00022890625
-2.920000000e-007,-1.5625e-006
-2.918000000e-007,-2.22346149e-020
-2.916000000e-007,7.8125e-007
-2.914000000e-007,8.59375e-005
-2.912000000e-007,0.00030078125
-2.910000000e-007,0.0003015625
-2.908000000e-007,8.984375e-005
-2.906000000e-007,-0.0001
-2.904000000e-007,0.0001046875
-2.902000000e-007,-2.34375e-006
-2.900000000e-007,3.125e-006
-2.898000000e-007,-7.8125e-007
-2.896000000e-007,3.90625e-006
-2.894000000e-007,0.000109375
-2.892000000e-007,0.0002015625
-2.890000000e-007,7.578125e-005
-2.888000000e-007,-0.000134375
-2.886000000e-007,-0.000321875
-2.884000000e-007,-0.00035078125
-2.882000000e-007,-0.00010078125
-2.880000000e-007,-0.00019375
-2.878000000e-007,-0.00011640625
-2.876000000e-007,-0.0003
-2.874000000e-007,-8.125e-005
-2.872000000e-007,-0.0001109375
-2.870000000e-007,-0.0001015625
-2.868000000e-007,-8.75e-005
-2.866000000e-007,-0.0001234375
-2.864000000e-007,-0.00043671875
-2.862000000e-007,-0.000390625
-2.860000000e-007,-0.0002953125
-2.858000000e-007,-0.0001875
-2.856000000e-007,0.00016171875
-2.854000000e-007,0.00040546875
-2.852000000e-007,0.0002625
-2.850000000e-007,9.140625e-005
-2.848000000e-007,3.90625e-006
-2.846000000e-007,-6.25e-006
-2.844000000e-007,-0.00020390625
-2.842000000e-007,-0.00010078125
-2.840000000e-007,-0.0001984375
-2.838000000e-007,0.00010390625
-2.836000000e-007,0.00040859375
-2.834000000e-007,0.00040078125
-2.832000000e-007,8.046875e-005
-2.830000000e-007,-0.00020078125
-2.828000000e-007,-2.22346149e-020
-2.826000000e-007,0.0001875
-2.824000000e-007,0.00049375
-2.822000000e-007,0.00043359375
-2.820000000e-007,0.0003015625
-2.818000000e-007,0.00030390625
-2.816000000e-007,0.000228125
-2.814000000e-007,0.000146875
-2.812000000e-007,0.000403125
-2.810000000e-007,1.328125e-005
-2.808000000e-007,-0.000575
-2.806000000e-007,-0.0005359375
-2.804000000e-007,-0.00033046875
-2.802000000e-007,3.59375e-005
-2.800000000e-007,0.00038359375
-2.798000000e-007,0.00041328125
-2.796000000e-007,0.00023125
-2.794000000e-007,-8.59375e-005
-2.792000000e-007,-9.375e-006
-2.790000000e-007,2.1875e-005
-2.788000000e-007,-0.0001046875
-2.786000000e-007,0.000196875
-2.784000000e-007,-8.515625e-005
-2.782000000e-007,-0.0001125
-2.780000000e-007,-9.765625e-005
-2.778000000e-007,-1.71875e-005
-2.776000000e-007,0.0002
-2.774000000e-007,0.00011171875
-2.772000000e-007,7.8125e-007
-2.770000000e-007,-8.75e-005
-2.768000000e-007,-0.00040859375
-2.766000000e-007,-0.0003171875
-2.764000000e-007,0.00022734375
-2.762000000e-007,0.00050859375
-2.760000000e-007,0.00019921875
-2.758000000e-007,0.00029609375
-2.756000000e-007,0.00027890625
-2.754000000e-007,-1.5625e-006
-2.752000000e-007,0.00010234375
-2.750000000e-007,-0.0002046875
-2.748000000e-007,-0.0003921875
-2.746000000e-007,0.0001046875
-2.744000000e-007,8.046875e-005
-2.742000000e-007,2.34375e-006
-2.740000000e-007,0.00019765625
-2.738000000e-007,-0.00010859375
-2.736000000e-007,2.03125e-005
-2.734000000e-007,0.0002046875
-2.732000000e-007,0.00029921875
-2.730000000e-007,0.0002015625
-2.728000000e-007,0.00020390625
-2.726000000e-007,0.0003
-2.724000000e-007,9.53125e-005
-2.722000000e-007,0.0002984375
-2.720000000e-007,0.00039921875
-2.718000000e-007,0.0003109375
-2.716000000e-007,0.0002
-2.714000000e-007,0.00039921875
-2.712000000e-007,0.00029921875
-2.710000000e-007,0.0004015625
-2.708000000e-007,8.75e-005
-2.706000000e-007,7.265625e-005
-2.704000000e-007,0.00030234375
-2.702000000e-007,2.265625e-005
-2.700000000e-007,8.046875e-005
-2.698000000e-007,0.000215625
-2.696000000e-007,-7.578125e-005
-2.694000000e-007,-0.00011171875
-2.692000000e-007,-7.8125e-006
-2.690000000e-007,3.28125e-005
-2.688000000e-007,-0.00029921875
-2.686000000e-007,-1.640625e-005
-2.684000000e-007,-0.00011640625
-2.682000000e-007,0.000375
-2.680000000e-007,5e-005
-2.678000000e-007,0.0001125
-2.676000000e-007,-0.00027421875
-2.674000000e-007,-0.00024765625
-2.672000000e-007,-1.328125e-005
-2.670000000e-007,0.00026328125
-2.668000000e-007,0.0002984375
-2.666000000e-007,4.21875e-005
-2.664000000e-007,-0.0002046875
-2.662000000e-007,-0.0001984375
-2.660000000e-007,-0.00030234375
-2.658000000e-007,-0.0002078125
-2.656000000e-007,2.03125e-005
-2.654000000e-007,0.0003015625
-2.652000000e-007,-3.75e-005
-2.650000000e-007,-0.00010390625
-2.648000000e-007,1.640625e-005
-2.646000000e-007,0.0002
-2.644000000e-007,0.0003265625
-2.642000000e-007,0.00050234375
-2.640000000e-007,0.00029296875
-2.638000000e-007,0.00039453125
-2.636000000e-007,-9.6875e-005
-2.634000000e-007,-0.00040234375
-2.632000000e-007,-0.0002671875
-2.630000000e-007,-0.00020234375
-2.628000000e-007,-5.078125e-005
-2.626000000e-007,0.000190625
-2.624000000e-007,-1.015625e-005
-2.622000000e-007,9.0625e-005
-2.620000000e-007,4.84375e-005
-2.618000000e-007,0.00043515625
-2.616000000e-007,0.00036953125
-2.614000000e-007,0.00027734375
-2.612000000e-007,0.0001984375
-2.610000000e-007,3.984375e-005
-2.608000000e-007,-0.00034921875
-2.606000000e-007,-0.00028671875
-2.604000000e-007,-0.00032734375
-2.602000000e-007,-0.0004046875
-2.600000000e-007,-0.00038828125
-2.598000000e-007,-0.0002875
-2.596000000e-007,-5.390625e-005
-2.594000000e-007,0.00010390625
-2.592000000e-007,0.00010234375
-2.590000000e-007,0.000203125
-2.588000000e-007,0.00030859375
-2.586000000e-007,0.000203125
-2.584000000e-007,-0.0001390625
-2.582000000e-007,-0.00010625
-2.580000000e-007,0.00012890625
-2.578000000e-007,0.0003875
-2.576000000e-007,0.0006171875
-2.574000000e-007,0.00060703125
-2.572000000e-007,0.00029609375
-2.570000000e-007,0.00014921875
-2.568000000e-007,-0.0002875
-2.566000000e-007,-0.000140625
-2.564000000e-007,-7.8125e-007
-2.562000000e-007,4.6875e-006
-2.560000000e-007,-6.25e-006
-2.558000000e-007,5.234375e-005
-2.556000000e-007,-0.0002578125
-2.554000000e-007,-0.00019765625
-2.552000000e-007,6.484375e-005
-2.550000000e-007,0.00018046875
-2.548000000e-007,0.0002078125
-2.546000000e-007,0.00013984375
-2.544000000e-007,6.71875e-005
-2.542000000e-007,0.0005125
-2.540000000e-007,0.00061484375
-2.538000000e-007,0.00058984375
-2.536000000e-007,0.00068359375
-2.534000000e-007,0.00076484375
-2.532000000e-007,2.265625e-005
-2.530000000e-007,-1.328125e-005
-2.528000000e-007,-9.609375e-005
-2.526000000e-007,-1.484375e-005
-2.524000000e-007,0.0001953125
-2.522000000e-007,0.00040078125
-2.520000000e-007,8.90625e-005
-2.518000000e-007,-0.0004796875
-2.516000000e-007,-0.00049921875
-2.514000000e-007,-0.00031015625
-2.512000000e-007,0.0003125
-2.510000000e-007,0.0003
-2.508000000e-007,0.00019609375
-2.506000000e-007,-6.25e-006
-2.504000000e-007,-0.00031328125
-2.502000000e-007,-0.0002984375
-2.500000000e-007,-0.00018359375
-2.498000000e-007,7.8125e-007
-2.496000000e-007,4.296875e-005
-2.494000000e-007,0.00028984375
-2.492000000e-007,-5e-005
-2.490000000e-007,1.796875e-005
-2.488000000e-007,-7.8125e-005
-2.486000000e-007,-0.00028203125
-2.484000000e-007,2.1875e-005
-2.482000000e-007,-0.00021953125
-2.480000000e-007,-0.0001765625
-2.478000000e-007,-8.359375e-005
-2.476000000e-007,0.00018828125
-2.474000000e-007,0.00051328125
-2.472000000e-007,0.00034140625
-2.470000000e-007,8.75e-005
-2.468000000e-007,0.00011796875
-2.466000000e-007,8.28125e-005
-2.464000000e-007,-9.921875e-005
-2.462000000e-007,-2.34375e-006
-2.460000000e-007,-8.671875e-005
-2.458000000e-007,0.00022890625
-2.456000000e-007,0.00028828125
-2.454000000e-007,8.359375e-005
-2.452000000e-007,-0.000228125
-2.450000000e-007,-0.000196875
-2.448000000e-007,3.984375e-005
-2.446000000e-007,0.00019375
-2.444000000e-007,-0.000121875
-2.442000000e-007,-9.765625e-005
-2.440000000e-007,-3.125e-006
-2.438000000e-007,-0.0001984375
-2.436000000e-007,-0.000303125
-2.434000000e-007,-0.000215625
-2.432000000e-007,0.0002
-2.430000000e-007,0.0002078125
-2.428000000e-007,9.84375e-005
-2.426000000e-007,0.00013671875
-2.424000000e-007,-0.0001890625
-2.422000000e-007,-2.8125e-005
-2.420000000e-007,-2.65625e-005
-2.418000000e-007,0.0003421875
-2.416000000e-007,0.0002703125
-2.414000000e-007,9.375e-005
-2.412000000e-007,0.00011796875
-2.410000000e-007,-0.00010546875
-2.408000000e-007,0.00024296875
-2.406000000e-007,0.0005109375
-2.404000000e-007,0.0003984375
-2.402000000e-007,0.00050859375
-2.400000000e-007,0.000221875
-2.398000000e-007,0.0001234375
-2.396000000e-007,-0.00027578125
-2.394000000e-007,-0.0004046875
-2.392000000e-007,-0.0004
-2.390000000e-007,-0.00031953125
-2.388000000e-007,-0.00010546875
-2.386000000e-007,-0.0001734375
-2.384000000e-007,-0.00021875
-2.382000000e-007,0.0001046875
-2.380000000e-007,-0.00019921875
-2.378000000e-007,9.140625e-005
-2.376000000e-007,-9.21875e-005
-2.374000000e-007,-1.328125e-005
-2.372000000e-007,-1.171875e-005
-2.370000000e-007,-0.00039921875
-2.368000000e-007,-8.59375e-005
-2.366000000e-007,-1.015625e-005
-2.364000000e-007,0.00019921875
-2.362000000e-007,-9.609375e-005
-2.360000000e-007,-9.765625e-005
-2.358000000e-007,-9.84375e-005
-2.356000000e-007,-7.8125e-007
-2.354000000e-007,-0.00020078125
-2.352000000e-007,-0.000409375
-2.350000000e-007,-0.000703125
-2.348000000e-007,-0.00080390625
-2.346000000e-007,-0.0005890625
-2.344000000e-007,-9.6875e-005
-2.342000000e-007,-0.0001984375
-2.340000000e-007,8.59375e-006
-2.338000000e-007,-0.0001
-2.336000000e-007,0.0001375
-2.334000000e-007,0.00030390625
-2.332000000e-007,0.000103125
-2.330000000e-007,0.00059765625
-2.328000000e-007,0.00058203125
-2.326000000e-007,0.0003015625
-2.324000000e-007,9.21875e-005
-2.322000000e-007,-0.0001859375
-2.320000000e-007,-0.00030078125
-2.318000000e-007,-0.00030625
-2.316000000e-007,1.328125e-005
-2.314000000e-007,0.00039453125
-2.312000000e-007,0.0003984375
-2.310000000e-007,0.00024609375
-2.308000000e-007,-0.0003875
-2.306000000e-007,-0.00041796875
-2.304000000e-007,-0.000309375
-2.302000000e-007,-0.0001203125
-2.300000000e-007,-7.8125e-006
-2.298000000e-007,8.59375e-005
-2.296000000e-007,0.0002015625
-2.294000000e-007,0.000178125
-2.292000000e-007,0.000409375
-2.290000000e-007,3.4375e-005
-2.288000000e-007,0.00016875
-2.286000000e-007,0.0002921875
-2.284000000e-007,0.000390625
-2.282000000e-007,0.00033046875
-2.280000000e-007,0.00011953125
-2.278000000e-007,-0.000246875
-2.276000000e-007,-0.00031875
-2.274000000e-007,0.00022890625
-2.272000000e-007,0.00040078125
-2.270000000e-007,0.00053671875
-2.268000000e-007,-1.875e-005
-2.266000000e-007,-0.00019453125
-2.264000000e-007,-0.00040703125
-2.262000000e-007,-0.00031640625
-2.260000000e-007,0.00012265625
-2.258000000e-007,0.00039453125
-2.256000000e-007,0.00048359375
-2.254000000e-007,0.00011328125
-2.252000000e-007,1.953125e-005
-2.250000000e-007,0.0002984375
-2.248000000e-007,0.0001796875
-2.246000000e-007,0.0001953125
-2.244000000e-007,0.00039921875
-2.242000000e-007,8.125e-005
-2.240000000e-007,-0.0002421875
-2.238000000e-007,-0.00029140625
-2.236000000e-007,7.1875e-005
-2.234000000e-007,0.0001921875
-2.232000000e-007,0.0001078125
-2.230000000e-007,6.40625e-005
-2.228000000e-007,-0.00032890625
-2.226000000e-007,-0.000209375
-2.224000000e-007,-0.00042734375
-2.222000000e-007,-0.00027421875
-2.220000000e-007,-0.00017109375
-2.218000000e-007,-0.00010234375
-2.216000000e-007,-5.9375e-005
-2.214000000e-007,0.0001078125
-2.212000000e-007,0.0001140625
-2.210000000e-007,0.0002
-2.208000000e-007,3.984375e-005
-2.206000000e-007,2.5e-005
-2.204000000e-007,0.0002109375
-2.202000000e-007,-2.34375e-005
-2.200000000e-007,-6.015625e-005
-2.198000000e-007,0.0003296875
-2.196000000e-007,0.00052890625
-2.194000000e-007,0.00049375
-2.192000000e-007,0.00030859375
-2.190000000e-007,0.00030390625
-2.188000000e-007,-0.0003484375
-2.186000000e-007,-0.0001984375
-2.184000000e-007,-0.00064375
-2.182000000e-007,-0.00051484375
-2.180000000e-007,-0.00027421875
-2.178000000e-007,-1.5625e-006
-2.176000000e-007,3.125e-006
-2.174000000e-007,0.00020546875
-2.172000000e-007,-7.578125e-005
-2.170000000e-007,-0.00013515625
-2.168000000e-007,0.00018125
-2.166000000e-007,0.00023046875
-2.164000000e-007,2.421875e-005
-2.162000000e-007,-0.000203125
-2.160000000e-007,-4.609375e-005
-2.158000000e-007,9.609375e-005
-2.156000000e-007,0.00010078125
-2.154000000e-007,9.6875e-005
-2.152000000e-007,0.00010703125
-2.150000000e-007,3.984375e-005
-2.148000000e-007,-9.765625e-005
-2.146000000e-007,3.984375e-005
-2.144000000e-007,0.0003359375
-2.142000000e-007,0.00078046875
-2.140000000e-007,0.00061484375
-2.138000000e-007,0.00062109375
-2.136000000e-007,0.000215625
-2.134000000e-007,0.00010703125
-2.132000000e-007,-0.00018046875
-2.130000000e-007,-0.0005015625
-2.128000000e-007,-0.0002078125
-2.126000000e-007,0.0001921875
-2.124000000e-007,0.00030234375
-2.122000000e-007,0.0002234375
-2.120000000e-007,-0.0001015625
-2.118000000e-007,-0.00010078125
-2.116000000e-007,7.03125e-006
-2.114000000e-007,0.00029921875
-2.112000000e-007,0.00018046875
-2.110000000e-007,-0.000203125
-2.108000000e-007,-7.96875e-005
-2.106000000e-007,-3.90625e-006
-2.104000000e-007,-8.125e-005
-2.102000000e-007,0.00031328125
-2.100000000e-007,0.0003140625
-2.098000000e-007,0.0004984375
-2.096000000e-007,0.00024140625
-2.094000000e-007,-2.734375e-005
-2.092000000e-007,-0.000209375
-2.090000000e-007,-0.00021484375
-2.088000000e-007,-0.00026796875
-2.086000000e-007,-0.00011328125
-2.084000000e-007,-0.00029921875
-2.082000000e-007,-8.4375e-005
-2.080000000e-007,9.375e-005
-2.078000000e-007,0.000375
-2.076000000e-007,-2.34375e-005
-2.074000000e-007,0.00020859375
-2.072000000e-007,8.359375e-005
-2.070000000e-007,9.296875e-005
-2.068000000e-007,3.90625e-006
-2.066000000e-007,9.84375e-005
-2.064000000e-007,-5.46875e-006
-2.062000000e-007,0.0001140625
-2.060000000e-007,0.000225
-2.058000000e-007,0.00029609375
-2.056000000e-007,0.00019296875
-2.054000000e-007,0.00019765625
-2.052000000e-007,9.375e-005
-2.050000000e-007,-1.484375e-005
-2.048000000e-007,-0.00030078125
-2.046000000e-007,0.00010625
-2.044000000e-007,0.00028203125
-2.042000000e-007,-0.00019765625
-2.040000000e-007,-8.90625e-005
-2.038000000e-007,-9.375e-005
-2.036000000e-007,-0.0001
-2.034000000e-007,9.453125e-005
-2.032000000e-007,-8.28125e-005
-2.030000000e-007,-0.00040703125
-2.028000000e-007,-0.00012734375
-2.026000000e-007,1.09375e-005
-2.024000000e-007,4.765625e-005
-2.022000000e-007,0.00034140625
-2.020000000e-007,-5.703125e-005
-2.018000000e-007,0.00014453125
-2.016000000e-007,0.0002140625
-2.014000000e-007,0.0001921875
-2.012000000e-007,0.00020078125
-2.010000000e-007,0.00020234375
-2.008000000e-007,0.0001953125
-2.006000000e-007,0.00022578125
-2.004000000e-007,-0.00016328125
-2.002000000e-007,-0.00038671875
-2.000000000e-007,-0.00058203125
-1.998000000e-007,-0.00072421875
-1.996000000e-007,-0.000315625
-1.994000000e-007,-1.953125e-005
-1.992000000e-007,0.00019375
-1.990000000e-007,0.0001359375
-1.988000000e-007,-9.84375e-005
-1.986000000e-007,8.59375e-005
-1.984000000e-007,0.00019921875
-1.982000000e-007,0.000409375
-1.980000000e-007,1.09375e-005
-1.978000000e-007,-1.5625e-006
-1.976000000e-007,-0.0002109375
-1.974000000e-007,-0.00030859375
-1.972000000e-007,0.00012421875
-1.970000000e-007,0.0004875
-1.968000000e-007,0.0004984375
-1.966000000e-007,0.00020546875
-1.964000000e-007,-1.015625e-005
-1.962000000e-007,-0.0001015625
-1.960000000e-007,-8.671875e-005
-1.958000000e-007,0.00010078125
-1.956000000e-007,-0.0001046875
-1.954000000e-007,-0.00030625
-1.952000000e-007,-0.00068984375
-1.950000000e-007,-9.21875e-005
-1.948000000e-007,-0.00010078125
-1.946000000e-007,0.00010390625
-1.944000000e-007,-3.125e-006
-1.942000000e-007,0.00010234375
-1.940000000e-007,9.84375e-005
-1.938000000e-007,0.00010078125
-1.936000000e-007,-1.5625e-006
-1.934000000e-007,-2.22346149e-020
-1.932000000e-007,3.125e-006
-1.930000000e-007,9.921875e-005
-1.928000000e-007,9.765625e-005
-1.926000000e-007,3.125e-006
-1.924000000e-007,-2.22346149e-020
-1.922000000e-007,9.375e-005
-1.920000000e-007,0.0002015625
-1.918000000e-007,0.000290625
-1.916000000e-007,0.00070859375
-1.914000000e-007,0.00062265625
-1.912000000e-007,0.0004078125
-1.910000000e-007,0.0001296875
-1.908000000e-007,-8.828125e-005
-1.906000000e-007,-0.00012109375
-1.904000000e-007,9.84375e-005
-1.902000000e-007,-8.4375e-005
-1.900000000e-007,-1.40625e-005
-1.898000000e-007,0.000115625
-1.896000000e-007,-9.140625e-005
-1.894000000e-007,-6.25e-006
-1.892000000e-007,-1.875e-005
-1.890000000e-007,0.000365625
-1.888000000e-007,0.0001828125
-1.886000000e-007,-0.00011015625
-1.884000000e-007,2.34375e-006
-1.882000000e-007,-0.0001890625
-1.880000000e-007,-1.640625e-005
-1.878000000e-007,3.984375e-005
-1.876000000e-007,-9.921875e-005
-1.874000000e-007,0.00025546875
-1.872000000e-007,0.0004
-1.870000000e-007,0.0004015625
-1.868000000e-007,0.00028828125
-1.866000000e-007,5.46875e-006
-1.864000000e-007,0.00011328125
-1.862000000e-007,0.0002984375
-1.860000000e-007,0.00018046875
-1.858000000e-007,7.03125e-006
-1.856000000e-007,-0.00022109375
-1.854000000e-007,-0.00039921875
-1.852000000e-007,-0.00037890625
-1.850000000e-007,-0.000103125
-1.848000000e-007,-0.0001265625
-1.846000000e-007,-0.0001921875
-1.844000000e-007,1.09375e-005
-1.842000000e-007,-0.00010234375
-1.840000000e-007,4.375e-005
-1.838000000e-007,0.00020625
-1.836000000e-007,0.00018515625
-1.834000000e-007,-0.000153125
-1.832000000e-007,-0.00048671875
-1.830000000e-007,-6.328125e-005
-1.828000000e-007,0.0001921875
-1.826000000e-007,0.00049765625
-1.824000000e-007,0.0002453125
-1.822000000e-007,3.046875e-005
-1.820000000e-007,-0.00036171875
-1.818000000e-007,-0.00042578125
-1.816000000e-007,-0.0004375
-1.814000000e-007,6.5625e-005
-1.812000000e-007,0.00022890625
-1.810000000e-007,0.00029921875
-1.808000000e-007,0.0003234375
-1.806000000e-007,0.000271875
-1.804000000e-007,-2.22346149e-020
-1.802000000e-007,0.0002015625
-1.800000000e-007,0.00011171875
-1.798000000e-007,0.000509375
-1.796000000e-007,0.00070625
-1.794000000e-007,0.0005046875
-1.792000000e-007,5.859375e-005
-1.790000000e-007,9.6875e-005
-1.788000000e-007,0.00010234375
-1.786000000e-007,0.000196875
-1.784000000e-007,0.00019765625
-1.782000000e-007,0.0001984375
-1.780000000e-007,0.0001984375
-1.778000000e-007,0.00010234375
-1.776000000e-007,0.0001890625
-1.774000000e-007,0.000296875
-1.772000000e-007,0.00029765625
-1.770000000e-007,0.000390625
-1.768000000e-007,0.00031796875
-1.766000000e-007,7.8125e-005
-1.764000000e-007,-6.484375e-005
-1.762000000e-007,0.00051953125
-1.760000000e-007,0.000375
-1.758000000e-007,0.00029921875
-1.756000000e-007,-0.0002515625
-1.754000000e-007,-0.00038984375
-1.752000000e-007,-0.0006640625
-1.750000000e-007,-0.0004484375
-1.748000000e-007,0.00012734375
-1.746000000e-007,0.0004390625
-1.744000000e-007,1.25e-005
-1.742000000e-007,0.0002046875
-1.740000000e-007,-9.84375e-005
-1.738000000e-007,0.0003609375
-1.736000000e-007,0.0002171875
-1.734000000e-007,9.453125e-005
-1.732000000e-007,0.00010078125
-1.730000000e-007,-9.453125e-005
-1.728000000e-007,-9.84375e-005
-1.726000000e-007,1.5625e-006
-1.724000000e-007,-0.00010078125
-1.722000000e-007,-0.0001
-1.720000000e-007,-9.609375e-005
-1.718000000e-007,9.921875e-005
-1.716000000e-007,-7.8125e-006
-1.714000000e-007,-0.0001015625
-1.712000000e-007,-0.00021640625
-1.710000000e-007,-0.00029609375
-1.708000000e-007,1.71875e-005
-1.706000000e-007,-7.03125e-006
-1.704000000e-007,2.34375e-005
-1.702000000e-007,8.828125e-005
-1.700000000e-007,-0.00014140625
-1.698000000e-007,-6.875e-005
-1.696000000e-007,6.640625e-005
-1.694000000e-007,-7.578125e-005
-1.692000000e-007,0.00018671875
-1.690000000e-007,-9.609375e-005
-1.688000000e-007,0.00010234375
-1.686000000e-007,-0.00024453125
-1.684000000e-007,-0.00026796875
-1.682000000e-007,-8.28125e-005
-1.680000000e-007,1.328125e-005
-1.678000000e-007,0.00010859375
-1.676000000e-007,6.953125e-005
-1.674000000e-007,-0.0001
-1.672000000e-007,-0.0001234375
-1.670000000e-007,-0.0004
-1.668000000e-007,-0.00016953125
-1.666000000e-007,-0.000209375
-1.664000000e-007,-0.00018203125
-1.662000000e-007,-9.765625e-005
-1.660000000e-007,-9.21875e-005
-1.658000000e-007,0.0001078125
-1.656000000e-007,0.000315625
-1.654000000e-007,0.00029375
-1.652000000e-007,0.0002046875
-1.650000000e-007,0.000196875
-1.648000000e-007,-0.00021328125
-1.646000000e-007,-0.0002015625
-1.644000000e-007,-0.00030859375
-1.642000000e-007,-0.00030859375
-1.640000000e-007,-0.0001
-1.638000000e-007,-0.0002796875
-1.636000000e-007,-0.00059765625
-1.634000000e-007,-0.00044375
-1.632000000e-007,-0.000215625
-1.630000000e-007,-1.640625e-005
-1.628000000e-007,5.3125e-005
-1.626000000e-007,0.00044765625
-1.624000000e-007,0.00037578125
-1.622000000e-007,0.0001171875
-1.620000000e-007,9.140625e-005
-1.618000000e-007,0.0001265625
-1.616000000e-007,-1.796875e-005
-1.614000000e-007,0.00036640625
-1.612000000e-007,0.0003046875
-1.610000000e-007,0.0004125
-1.608000000e-007,3.4375e-005
-1.606000000e-007,-1.5625e-005
-1.604000000e-007,-7.890625e-005
-1.602000000e-007,-0.00032578125
-1.600000000e-007,0.000184375
-1.598000000e-007,0.00022734375
-1.596000000e-007,9.140625e-005
-1.594000000e-007,0.00031875
-1.592000000e-007,-8.515625e-005
-1.590000000e-007,-8.359375e-005
-1.588000000e-007,-0.0004015625
-1.586000000e-007,0.000265625
-1.584000000e-007,0.00030859375
-1.582000000e-007,0.00028984375
-1.580000000e-007,0.000396875
-1.578000000e-007,0.0001078125
-1.576000000e-007,0.00010078125
-1.574000000e-007,9.21875e-005
-1.572000000e-007,0.0003
-1.570000000e-007,0.0001046875
-1.568000000e-007,-0.00011796875
-1.566000000e-007,-0.000296875
-1.564000000e-007,1.953125e-005
-1.562000000e-007,0.0002015625
-1.560000000e-007,0.0002890625
-1.558000000e-007,-0.00020234375
-1.556000000e-007,1.09375e-005
-1.554000000e-007,-9.921875e-005
-1.552000000e-007,0.000109375
-1.550000000e-007,0.000303125
-1.548000000e-007,0.00017265625
-1.546000000e-007,-0.00020859375
-1.544000000e-007,-0.00030546875
-1.542000000e-007,-0.00049375
-1.540000000e-007,-0.00059453125
-1.538000000e-007,-0.00020234375
-1.536000000e-007,-8.515625e-005
-1.534000000e-007,0.00019921875
-1.532000000e-007,9.453125e-005
-1.530000000e-007,-8.046875e-005
-1.528000000e-007,-0.00050234375
-1.526000000e-007,-0.00061015625
-1.524000000e-007,-0.0002953125
-1.522000000e-007,-0.0002125
-1.520000000e-007,0.00030390625
-1.518000000e-007,6.25e-006
-1.516000000e-007,0.00020234375
-1.514000000e-007,-0.0003328125
-1.512000000e-007,-0.00052109375
-1.510000000e-007,-0.00020703125
-1.508000000e-007,-0.00038203125
-1.506000000e-007,-0.0004046875
-1.504000000e-007,-0.0004046875
-1.502000000e-007,-0.00013984375
-1.500000000e-007,8.828125e-005
-1.498000000e-007,0.00017890625
-1.496000000e-007,0.000303125
-1.494000000e-007,0.0001890625
-1.492000000e-007,0.00038828125
-1.490000000e-007,0.00017578125
-1.488000000e-007,-9.140625e-005
-1.486000000e-007,-0.00012265625
-1.484000000e-007,0.0001734375
-1.482000000e-007,0.00059375
-1.480000000e-007,0.0005
-1.478000000e-007,0.0006484375
-1.476000000e-007,-0.00012734375
-1.474000000e-007,-0.000396875
-1.472000000e-007,-0.0004953125
-1.470000000e-007,-0.00021171875
-1.468000000e-007,2.109375e-005
-1.466000000e-007,0.00049296875
-1.464000000e-007,0.00046796875
-1.462000000e-007,0.0001109375
-1.460000000e-007,1.171875e-005
-1.458000000e-007,0.00019921875
-1.456000000e-007,7.8125e-005
-1.454000000e-007,9.375e-005
-1.452000000e-007,0.00040625
-1.450000000e-007,0.000196875
-1.448000000e-007,0.0003125
-1.446000000e-007,0.00019453125
-1.444000000e-007,0.000225
-1.442000000e-007,0.00029375
-1.440000000e-007,0.00020390625
-1.438000000e-007,0.00017265625
-1.436000000e-007,-0.0001125
-1.434000000e-007,-0.00014609375
-1.432000000e-007,-0.0005015625
-1.430000000e-007,-0.00018203125
-1.428000000e-007,-0.00032734375
-1.426000000e-007,-0.0003109375
-1.424000000e-007,-0.00040859375
-1.422000000e-007,-0.00027265625
-1.420000000e-007,-3.28125e-005
-1.418000000e-007,0.00023125
-1.416000000e-007,0.0003109375
-1.414000000e-007,0.0002875
-1.412000000e-007,0.0001734375
-1.410000000e-007,-2.5e-005
-1.408000000e-007,-0.0001796875
-1.406000000e-007,0.00011796875
-1.404000000e-007,0.00024765625
-1.402000000e-007,0.0005
-1.400000000e-007,0.00025546875
-1.398000000e-007,1.5625e-006
-1.396000000e-007,-0.00010078125
-1.394000000e-007,-3.125e-006
-1.392000000e-007,-1.71875e-005
-1.390000000e-007,-0.00019609375
-1.388000000e-007,-7.5e-005
-1.386000000e-007,0.000196875
-1.384000000e-007,0.000196875
-1.382000000e-007,0.00010234375
-1.380000000e-007,1.796875e-005
-1.378000000e-007,-0.00036328125
-1.376000000e-007,-0.0004125
-1.374000000e-007,-0.000309375
-1.372000000e-007,-0.00021953125
-1.370000000e-007,6.5625e-005
-1.368000000e-007,2.578125e-005
-1.366000000e-007,8.59375e-006
-1.364000000e-007,1.328125e-005
-1.362000000e-007,0.00061953125
-1.360000000e-007,0.0004296875
-1.358000000e-007,0.00024453125
-1.356000000e-007,-0.0001484375
-1.354000000e-007,-0.00013984375
-1.352000000e-007,-0.00010546875
-1.350000000e-007,7.265625e-005
-1.348000000e-007,0.0001015625
-1.346000000e-007,4.53125e-005
-1.344000000e-007,-0.00047890625
-1.342000000e-007,-0.00063125
-1.340000000e-007,-0.0003078125
-1.338000000e-007,-0.00031328125
-1.336000000e-007,-2.34375e-006
-1.334000000e-007,-5.46875e-006
-1.332000000e-007,0.000303125
-1.330000000e-007,0.00012109375
-1.328000000e-007,0.0001015625
-1.326000000e-007,0.0002984375
-1.324000000e-007,0.00030078125
-1.322000000e-007,0.00030078125
-1.320000000e-007,9.921875e-005
-1.318000000e-007,0.0003046875
-1.316000000e-007,0.00040546875
-1.314000000e-007,0.0005015625
-1.312000000e-007,0.0004984375
-1.310000000e-007,0.000384375
-1.308000000e-007,0.0001859375
-1.306000000e-007,6.328125e-005
-1.304000000e-007,-2.34375e-005
-1.302000000e-007,0.0006296875
-1.300000000e-007,0.00061484375
-1.298000000e-007,0.0007953125
-1.296000000e-007,0.00039296875
-1.294000000e-007,8.046875e-005
-1.292000000e-007,3.125e-006
-1.290000000e-007,-1.328125e-005
-1.288000000e-007,-0.0001078125
-1.286000000e-007,-0.0001078125
-1.284000000e-007,-0.0002046875
-1.282000000e-007,-8.359375e-005
-1.280000000e-007,0.00014921875
-1.278000000e-007,0.000290625
-1.276000000e-007,9.453125e-005
-1.274000000e-007,8.984375e-005
-1.272000000e-007,-9.84375e-005
-1.270000000e-007,0.00010703125
-1.268000000e-007,-3.828125e-005
-1.266000000e-007,-0.0002109375
-1.264000000e-007,-0.0002546875
-1.262000000e-007,0.00020546875
-1.260000000e-007,0.00022265625
-1.258000000e-007,0.0006109375
-1.256000000e-007,0.00060078125
-1.254000000e-007,0.00069921875
-1.252000000e-007,0.00048828125
-1.250000000e-007,0.0003
-1.248000000e-007,-0.00011875
-1.246000000e-007,-0.00038984375
-1.244000000e-007,-0.0005
-1.242000000e-007,-0.00021796875
-1.240000000e-007,-2.22346149e-020
-1.238000000e-007,-0.0001515625
-1.236000000e-007,-0.0003140625
-1.234000000e-007,5.46875e-005
-1.232000000e-007,0.00014609375
-1.230000000e-007,0.00060625
-1.228000000e-007,0.00018203125
-1.226000000e-007,0.0002515625
-1.224000000e-007,0.0002375
-1.222000000e-007,-1.40625e-005
-1.220000000e-007,0.00019453125
-1.218000000e-007,1.09375e-005
-1.216000000e-007,0.00018515625
-1.214000000e-007,0.00011796875
-1.212000000e-007,2.03125e-005
-1.210000000e-007,-0.00035546875
-1.208000000e-007,-0.00050859375
-1.206000000e-007,-0.0001625
-1.204000000e-007,0.0002890625
-1.202000000e-007,0.00040390625
-1.200000000e-007,0.00030703125
-1.198000000e-007,0.00012421875
-1.196000000e-007,-1.5625e-006
-1.194000000e-007,9.453125e-005
-1.192000000e-007,0.0001
-1.190000000e-007,0.00018671875
-1.188000000e-007,0.00030703125
-1.186000000e-007,2.34375e-006
-1.184000000e-007,9.609375e-005
-1.182000000e-007,-0.00029453125
-1.180000000e-007,-9.0625e-005
-1.178000000e-007,-1.71875e-005
-1.176000000e-007,0.00040078125
-1.174000000e-007,0.00030390625
-1.172000000e-007,8.28125e-005
-1.170000000e-007,-0.0001
-1.168000000e-007,-0.00010703125
-1.166000000e-007,-0.00030078125
-1.164000000e-007,-0.0002984375
-1.162000000e-007,-0.00030078125
-1.160000000e-007,-0.00028984375
-1.158000000e-007,-9.84375e-005
-1.156000000e-007,-9.765625e-005
-1.154000000e-007,-3.90625e-006
-1.152000000e-007,-0.00020703125
-1.150000000e-007,-9.765625e-005
-1.148000000e-007,-9.765625e-005
-1.146000000e-007,-1.5625e-006
-1.144000000e-007,2.34375e-006
-1.142000000e-007,0.0001984375
-1.140000000e-007,0.00030625
-1.138000000e-007,0.00030078125
-1.136000000e-007,-1.09375e-005
-1.134000000e-007,-0.0001984375
-1.132000000e-007,-9.921875e-005
-1.130000000e-007,6.25e-006
-1.128000000e-007,-9.296875e-005
-1.126000000e-007,0.00029921875
-1.124000000e-007,-5.46875e-006
-1.122000000e-007,0.00020234375
-1.120000000e-007,-0.0001875
-1.118000000e-007,-0.00030390625
-1.116000000e-007,-0.0003046875
-1.114000000e-007,-0.00012734375
-1.112000000e-007,8.90625e-005
-1.110000000e-007,0.00010625
-1.108000000e-007,7.8125e-006
-1.106000000e-007,-0.000178125
-1.104000000e-007,-0.00022109375
-1.102000000e-007,0.000134375
-1.100000000e-007,0.0005625
-1.098000000e-007,0.0008671875
-1.096000000e-007,0.0008
-1.094000000e-007,0.00015
-1.092000000e-007,0.000284375
-1.090000000e-007,0.00030078125
-1.088000000e-007,0.000484375
-1.086000000e-007,0.0006765625
-1.084000000e-007,0.0006984375
-1.082000000e-007,0.00034765625
-1.080000000e-007,9.375e-005
-1.078000000e-007,5.46875e-006
-1.076000000e-007,-0.00010390625
-1.074000000e-007,-0.00010390625
-1.072000000e-007,3.90625e-006
-1.070000000e-007,9.609375e-005
-1.068000000e-007,0.00017578125
-1.066000000e-007,-0.0001984375
-1.064000000e-007,2.34375e-005
-1.062000000e-007,-9.765625e-005
-1.060000000e-007,-0.000296875
-1.058000000e-007,-0.000103125
-1.056000000e-007,-0.0001125
-1.054000000e-007,-0.00020703125
-1.052000000e-007,-0.0002921875
-1.050000000e-007,-0.00020078125
-1.048000000e-007,-0.00013984375
-1.046000000e-007,0.0004421875
-1.044000000e-007,0.00071640625
-1.042000000e-007,0.00055625
-1.040000000e-007,0.00018515625
-1.038000000e-007,0.00028125
-1.036000000e-007,-5.78125e-005
-1.034000000e-007,-0.000128125
-1.032000000e-007,-0.000125
-1.030000000e-007,5.390625e-005
-1.028000000e-007,-0.00033984375
-1.026000000e-007,-6.71875e-005
-1.024000000e-007,3.90625e-005
-1.022000000e-007,0.00020234375
-1.020000000e-007,5.390625e-005
-1.018000000e-007,7.8125e-007
-1.016000000e-007,-1.71875e-005
-1.014000000e-007,1.71875e-005
-1.012000000e-007,4.296875e-005
-1.010000000e-007,-0.00029375
-1.008000000e-007,6.328125e-005
-1.006000000e-007,0.000103125
-1.004000000e-007,0.0003109375
-1.002000000e-007,0.000103125
-1.000000000e-007,-0.000121875
-9.980000000e-008,-0.00010390625
-9.960000000e-008,0.0001421875
-9.940000000e-008,0.00031328125
-9.920000000e-008,-7.8125e-006
-9.900000000e-008,0.00029140625
-9.880000000e-008,0.00040078125
-9.860000000e-008,0.0004421875
-9.840000000e-008,1.40625e-005
-9.820000000e-008,9.140625e-005
-9.800000000e-008,7.8125e-007
-9.780000000e-008,0.00030703125
-9.760000000e-008,0.000596875
-9.740000000e-008,0.00047421875
-9.720000000e-008,0.000225
-9.700000000e-008,0.0001421875
-9.680000000e-008,-6.25e-005
-9.660000000e-008,-0.00010234375
-9.640000000e-008,-0.000128125
-9.620000000e-008,6.40625e-005
-9.600000000e-008,2.578125e-005
-9.580000000e-008,-2.8125e-005
-9.560000000e-008,9.296875e-005
-9.540000000e-008,2.890625e-005
-9.520000000e-008,-9.84375e-005
-9.500000000e-008,-1.875e-005
-9.480000000e-008,7.03125e-006
-9.460000000e-008,-0.0001953125
-9.440000000e-008,-1.5625e-005
-9.420000000e-008,0.00020234375
-9.400000000e-008,3.90625e-006
-9.380000000e-008,-0.00019453125
-9.360000000e-008,-0.0003
-9.340000000e-008,-0.0001046875
-9.320000000e-008,-0.0002015625
-9.300000000e-008,-0.00010625
-9.280000000e-008,-6.25e-006
-9.260000000e-008,-0.0003
-9.240000000e-008,-9.765625e-005
-9.220000000e-008,-9.453125e-005
-9.200000000e-008,0.0004140625
-9.180000000e-008,-1.484375e-005
-9.160000000e-008,-0.0002953125
-9.140000000e-008,-8.671875e-005
-9.120000000e-008,1.5625e-005
-9.100000000e-008,0.00010078125
-9.080000000e-008,-4.6875e-005
-9.060000000e-008,-0.0001984375
-9.040000000e-008,-0.0002609375
-9.020000000e-008,-0.000365625
-9.000000000e-008,0.000175
-8.980000000e-008,0.00021484375
-8.960000000e-008,0.00040234375
-8.940000000e-008,0.00017578125
-8.920000000e-008,0.0002421875
-8.900000000e-008,0.00040625
-8.880000000e-008,0.00023203125
-8.860000000e-008,-0.000240625
-8.840000000e-008,-0.00037734375
-8.820000000e-008,-0.00020234375
-8.800000000e-008,-0.0002921875
-8.780000000e-008,1.71875e-005
-8.760000000e-008,0.0002375
-8.740000000e-008,0.00039296875
-8.720000000e-008,0.0001640625
-8.700000000e-008,9.453125e-005
-8.680000000e-008,-0.00014375
-8.660000000e-008,-0.00029921875
-8.640000000e-008,-0.0001953125
-8.620000000e-008,-0.00019375
-8.600000000e-008,0.0001375
-8.580000000e-008,0.000296875
-8.560000000e-008,-4.6875e-006
-8.540000000e-008,1.5625e-006
-8.520000000e-008,-0.00050859375
-8.500000000e-008,-0.0002078125
-8.480000000e-008,-0.0003
-8.460000000e-008,-0.0001
-8.440000000e-008,-0.00030234375
-8.420000000e-008,1.5625e-006
-8.400000000e-008,-0.000290625
-8.380000000e-008,9.609375e-005
-8.360000000e-008,0.00036328125
-8.340000000e-008,0.000675
-8.320000000e-008,0.00048984375
-8.300000000e-008,0.00014609375
-8.280000000e-008,-9.84375e-005
-8.260000000e-008,6.796875e-005
-8.240000000e-008,0.00018203125
-8.220000000e-008,0.0003921875
-8.200000000e-008,0.000303125
-8.180000000e-008,0.0004046875
-8.160000000e-008,0.00012734375
-8.140000000e-008,-6.40625e-005
-8.120000000e-008,-0.00048203125
-8.100000000e-008,-0.0004296875
-8.080000000e-008,-0.000209375
-8.060000000e-008,8.046875e-005
-8.040000000e-008,0.0001953125
-8.020000000e-008,0.0002234375
-8.000000000e-008,-8.359375e-005
-7.980000000e-008,-0.0001953125
-7.960000000e-008,-0.00020234375
-7.940000000e-008,0.00017734375
-7.920000000e-008,0.00030546875
-7.900000000e-008,0.000103125
-7.880000000e-008,9.6875e-005
-7.860000000e-008,-9.921875e-005
-7.840000000e-008,0.00011171875
-7.820000000e-008,0.00019609375
-7.800000000e-008,0.00019921875
-7.780000000e-008,9.6875e-005
-7.760000000e-008,0.00041328125
-7.740000000e-008,0.00029375
-7.720000000e-008,0.000203125
-7.700000000e-008,0.00030234375
-7.680000000e-008,0.00018515625
-7.660000000e-008,-0.00030390625
-7.640000000e-008,-0.0001765625
-7.620000000e-008,7.8125e-007
-7.600000000e-008,-0.0001
-7.580000000e-008,0.00011171875
-7.560000000e-008,0.0001890625
-7.540000000e-008,-2.34375e-006
-7.520000000e-008,0.00011875
-7.500000000e-008,0.00020078125
-7.480000000e-008,9.84375e-005
-7.460000000e-008,9.921875e-005
-7.440000000e-008,0.0002140625
-7.420000000e-008,0.00039921875
-7.400000000e-008,0.00040234375
-7.380000000e-008,0.00041796875
-7.360000000e-008,-1.5625e-006
-7.340000000e-008,9.53125e-005
-7.320000000e-008,0.00010078125
-7.300000000e-008,0.0002
-7.280000000e-008,9.765625e-005
-7.260000000e-008,0.00019140625
-7.240000000e-008,0.00020078125
-7.220000000e-008,0.000125
-7.200000000e-008,-0.0001
-7.180000000e-008,8.671875e-005
-7.160000000e-008,9.296875e-005
-7.140000000e-008,0.0002140625
-7.120000000e-008,-9.296875e-005
-7.100000000e-008,6.25e-006
-7.080000000e-008,-0.00042734375
-7.060000000e-008,-0.00074375
-7.040000000e-008,-0.00023359375
-7.020000000e-008,-0.00021875
-7.000000000e-008,8.75e-005
-6.980000000e-008,-0.00016796875
-6.960000000e-008,-1.640625e-005
-6.940000000e-008,-5.546875e-005
-6.920000000e-008,-0.00020546875
-6.900000000e-008,-2.22346149e-020
-6.880000000e-008,-0.0001
-6.860000000e-008,0.0001078125
-6.840000000e-008,-0.0002109375
-6.820000000e-008,-0.0002046875
-6.800000000e-008,-0.00030625
-6.780000000e-008,-0.0003984375
-6.760000000e-008,-0.0002796875
-6.740000000e-008,0.00019296875
-6.720000000e-008,0.0003015625
-6.700000000e-008,0.00030390625
-6.680000000e-008,7.96875e-005
-6.660000000e-008,-2.22346149e-020
-6.640000000e-008,7.8125e-006
-6.620000000e-008,9.921875e-005
-6.600000000e-008,0.00011015625
-6.580000000e-008,0.00019921875
-6.560000000e-008,7.578125e-005
-6.540000000e-008,0.00010859375
-6.520000000e-008,0.00032578125
-6.500000000e-008,0.00029453125
-6.480000000e-008,0.0003140625
-6.460000000e-008,0.0002734375
-6.440000000e-008,-4.0625e-005
-6.420000000e-008,-0.00012890625
-6.400000000e-008,-0.00026875
-6.380000000e-008,0.000159375
-6.360000000e-008,0.0003328125
-6.340000000e-008,0.00024296875
-6.320000000e-008,-1.328125e-005
-6.300000000e-008,-4.765625e-005
-6.280000000e-008,-0.00027421875
-6.260000000e-008,0.000146875
-6.240000000e-008,0.00021953125
-6.220000000e-008,0.0001546875
-6.200000000e-008,-0.0002796875
-6.180000000e-008,-0.000290625
-6.160000000e-008,-0.000340625
-6.140000000e-008,-0.0004875
-6.120000000e-008,-0.00010703125
-6.100000000e-008,0.00010234375
-6.080000000e-008,8.203125e-005
-6.060000000e-008,-1.5625e-006
-6.040000000e-008,8.359375e-005
-6.020000000e-008,-0.00010234375
-6.000000000e-008,0.00024453125
-5.980000000e-008,0.0003078125
-5.960000000e-008,0.00020078125
-5.940000000e-008,0.0002046875
-5.920000000e-008,-0.0001046875
-5.900000000e-008,-0.0001078125
-5.880000000e-008,-0.00018671875
-5.860000000e-008,-0.00024296875
-5.840000000e-008,0.00018359375
-5.820000000e-008,-1.953125e-005
-5.800000000e-008,-0.000284375
-5.780000000e-008,-0.000428125
-5.760000000e-008,-0.0001609375
-5.740000000e-008,4.84375e-005
-5.720000000e-008,0.00026484375
-5.700000000e-008,0.0003015625
-5.680000000e-008,0.000365625
-5.660000000e-008,0.00037265625
-5.640000000e-008,8.984375e-005
-5.620000000e-008,0.00046015625
-5.600000000e-008,0.00024765625
-5.580000000e-008,0.0001984375
-5.560000000e-008,2.109375e-005
-5.540000000e-008,-0.00015703125
-5.520000000e-008,-0.00049765625
-5.500000000e-008,-0.0003828125
-5.480000000e-008,-0.00078984375
-5.460000000e-008,-0.0005375
-5.440000000e-008,-0.0003
-5.420000000e-008,-0.0004
-5.400000000e-008,-0.000296875
-5.380000000e-008,-0.00020546875
-5.360000000e-008,-0.00010078125
-5.340000000e-008,9.375e-005
-5.320000000e-008,0.00040703125
-5.300000000e-008,0.0004015625
-5.280000000e-008,-1.953125e-005
-5.260000000e-008,-0.000196875
-5.240000000e-008,-0.00011015625
-5.220000000e-008,-0.00019296875
-5.200000000e-008,0.00045
-5.180000000e-008,0.0005875
-5.160000000e-008,0.00036875
-5.140000000e-008,0.00016328125
-5.120000000e-008,-0.000278125
-5.100000000e-008,-0.00025390625
-5.080000000e-008,0.000121875
-5.060000000e-008,-0.00011328125
-5.040000000e-008,-0.00011875
-5.020000000e-008,-0.00018359375
-5.000000000e-008,0.000165625
-4.980000000e-008,0.00017890625
-4.960000000e-008,0.0001265625
-4.940000000e-008,0.00043046875
-4.920000000e-008,0.00047890625
-4.900000000e-008,0.00028125
-4.880000000e-008,0.0002046875
-4.860000000e-008,0.0001890625
-4.840000000e-008,-1.484375e-005
-4.820000000e-008,7.8125e-006
-4.800000000e-008,0.00010859375
-4.780000000e-008,0.00022421875
-4.760000000e-008,0.00040078125
-4.740000000e-008,7.890625e-005
-4.720000000e-008,-7.65625e-005
-4.700000000e-008,9.609375e-005
-4.680000000e-008,-8.671875e-005
-4.660000000e-008,0.00031015625
-4.640000000e-008,0.00017890625
-4.620000000e-008,0.00020234375
-4.600000000e-008,0.000403125
-4.580000000e-008,0.00030078125
-4.560000000e-008,0.00030234375
-4.540000000e-008,0.00030234375
-4.520000000e-008,0.0003
-4.500000000e-008,0.00039921875
-4.480000000e-008,0.0002140625
-4.460000000e-008,-7.890625e-005
-4.440000000e-008,-0.00010390625
-4.420000000e-008,-3.671875e-005
-4.400000000e-008,0.0002359375
-4.380000000e-008,0.00040390625
-4.360000000e-008,-0.00016015625
-4.340000000e-008,6.015625e-005
-4.320000000e-008,3.90625e-006
-4.300000000e-008,0.000265625
-4.280000000e-008,0.00013515625
-4.260000000e-008,5.546875e-005
-4.240000000e-008,0.0003109375
-4.220000000e-008,-7.578125e-005
-4.200000000e-008,0.000159375
-4.180000000e-008,0.00023359375
-4.160000000e-008,-8.59375e-005
-4.140000000e-008,-0.0001859375
-4.120000000e-008,-0.0003015625
-4.100000000e-008,-0.00010390625
-4.080000000e-008,-0.00028984375
-4.060000000e-008,-0.0002375
-4.040000000e-008,7.8125e-007
-4.020000000e-008,-0.00010625
-4.000000000e-008,0.00019765625
-3.980000000e-008,0.0004
-3.960000000e-008,0.0003984375
-3.940000000e-008,0.0004078125
-3.920000000e-008,8.90625e-005
-3.900000000e-008,-7.8125e-007
-3.880000000e-008,0.000109375
-3.860000000e-008,0.0002125
-3.840000000e-008,-0.0001015625
-3.820000000e-008,-9.921875e-005
-3.800000000e-008,-0.0001953125
-3.780000000e-008,7.8125e-007
-3.760000000e-008,-0.0001015625
-3.740000000e-008,0.0001015625
-3.720000000e-008,0.00020234375
-3.700000000e-008,0.0001984375
-3.680000000e-008,-1.328125e-005
-3.660000000e-008,-0.00010234375
-3.640000000e-008,-0.00020625
-3.620000000e-008,-0.00040625
-3.600000000e-008,-0.0003890625
-3.580000000e-008,-0.00019453125
-3.560000000e-008,-0.0001
-3.540000000e-008,-0.000103125
-3.520000000e-008,2.34375e-006
-3.500000000e-008,9.84375e-005
-3.480000000e-008,0.0004125
-3.460000000e-008,0.00039921875
-3.440000000e-008,0.0004984375
-3.420000000e-008,0.0002203125
-3.400000000e-008,0.0001
-3.380000000e-008,0.000203125
-3.360000000e-008,-5.46875e-006
-3.340000000e-008,-3.90625e-006
-3.320000000e-008,0.00020859375
-3.300000000e-008,0.00039921875
-3.280000000e-008,0.00030390625
-3.260000000e-008,0.0001484375
-3.240000000e-008,-0.00038046875
-3.220000000e-008,-0.0003171875
-3.200000000e-008,-0.00022265625
-3.180000000e-008,8.59375e-005
-3.160000000e-008,3.90625e-006
-3.140000000e-008,0.0001
-3.120000000e-008,-8.59375e-006
-3.100000000e-008,0.0002078125
-3.080000000e-008,-8.671875e-005
-3.060000000e-008,0.00021484375
-3.040000000e-008,0.00042578125
-3.020000000e-008,0.00022734375
-3.000000000e-008,0.000196875
-2.980000000e-008,0.0001984375
-2.960000000e-008,0.0002046875
-2.940000000e-008,0.00016015625
-2.920000000e-008,0.00050078125
-2.900000000e-008,0.000528125
-2.880000000e-008,0.0002921875
-2.860000000e-008,0.00012109375
-2.840000000e-008,-0.00020859375
-2.820000000e-008,-0.0002
-2.800000000e-008,-0.000190625
-2.780000000e-008,0.0001921875
-2.760000000e-008,0.00028359375
-2.740000000e-008,1.015625e-005
-2.720000000e-008,-0.00021953125
-2.700000000e-008,-0.00020234375
-2.680000000e-008,0.00010390625
-2.660000000e-008,-3.90625e-006
-2.640000000e-008,0.0003171875
-2.620000000e-008,9.296875e-005
-2.600000000e-008,0.0001
-2.580000000e-008,-0.00011328125
-2.560000000e-008,-0.00015078125
-2.540000000e-008,0.00021015625
-2.520000000e-008,7.421875e-005
-2.500000000e-008,0.0001140625
-2.480000000e-008,0.0001859375
-2.460000000e-008,-2.5e-005
-2.440000000e-008,-9.453125e-005
-2.420000000e-008,2.578125e-005
-2.400000000e-008,9.375e-005
-2.380000000e-008,-2.03125e-005
-2.360000000e-008,-0.0001375
-2.340000000e-008,-0.00033359375
-2.320000000e-008,-0.00036875
-2.300000000e-008,-0.0001890625
-2.280000000e-008,-0.00017890625
-2.260000000e-008,2.5e-005
-2.240000000e-008,0.00010625
-2.220000000e-008,9.375e-005
-2.200000000e-008,-3.828125e-005
-2.180000000e-008,-0.00020234375
-2.160000000e-008,-3.59375e-005
-2.140000000e-008,0.00030625
-2.120000000e-008,0.0003765625
-2.100000000e-008,3.90625e-006
-2.080000000e-008,-0.000209375
-2.060000000e-008,-0.00010546875
-2.040000000e-008,0.0001390625
-2.020000000e-008,0.00039921875
-2.000000000e-008,0.0002921875
-1.980000000e-008,0.0002078125
-1.960000000e-008,-0.00020546875
-1.940000000e-008,-0.0001203125
-1.920000000e-008,-9.921875e-005
-1.900000000e-008,-9.21875e-005
-1.880000000e-008,-0.000196875
-1.860000000e-008,-0.0001875
-1.840000000e-008,-0.000296875
-1.820000000e-008,-9.53125e-005
-1.800000000e-008,0.00023828125
-1.780000000e-008,0.00061953125
-1.760000000e-008,0.00078203125
-1.740000000e-008,0.00085703125
-1.720000000e-008,0.00057890625
-1.700000000e-008,0.00044765625
-1.680000000e-008,6.875e-005
-1.660000000e-008,-0.00020234375
-1.640000000e-008,-5.46875e-005
-1.620000000e-008,0.0003640625
-1.600000000e-008,0.00031796875
-1.580000000e-008,0.00027109375
-1.560000000e-008,0.00040703125
-1.540000000e-008,-4.921875e-005
-1.520000000e-008,-0.0002078125
-1.500000000e-008,-1.40625e-005
-1.480000000e-008,0.0001953125
-1.460000000e-008,0.000496875
-1.440000000e-008,0.00029296875
-1.420000000e-008,-9.296875e-005
-1.400000000e-008,-0.0001015625
-1.380000000e-008,-0.00020859375
-1.360000000e-008,0.00040703125
-1.340000000e-008,0.00019921875
-1.320000000e-008,0.00049765625
-1.300000000e-008,0.0002015625
-1.280000000e-008,0.00059765625
-1.260000000e-008,-1.25e-005
-1.240000000e-008,1.40625e-005
-1.220000000e-008,-7.03125e-006
-1.200000000e-008,3.75e-005
-1.180000000e-008,0.0001875
-1.160000000e-008,-0.00016484375
-1.140000000e-008,-0.00017734375
-1.120000000e-008,1.71875e-005
-1.100000000e-008,8.59375e-006
-1.080000000e-008,8.515625e-005
-1.060000000e-008,-0.00011015625
-1.040000000e-008,6.5625e-005
-1.020000000e-008,0.0001765625
-1.000000000e-008,-0.000175
-9.800000000e-009,-0.00017890625
-9.600000000e-009,2.265625e-005
-9.400000000e-009,-9.375e-006
-9.200000000e-009,-0.000115625
-9.000000000e-009,-8.828125e-005
-8.800000000e-009,-1.25e-005
-8.600000000e-009,-0.00020234375
-8.400000000e-009,-8.28125e-005
-8.200000000e-009,-0.00010546875
-8.000000000e-009,-8.515625e-005
-7.800000000e-009,-0.000109375
-7.600000000e-009,-0.000309375
-7.400000000e-009,-0.00019765625
-7.200000000e-009,-0.0001984375
-7.000000000e-009,-9.375e-005
-6.800000000e-009,0.00013203125
-6.600000000e-009,0.000396875
-6.400000000e-009,9.0625e-005
-6.200000000e-009,0.00029609375
-6.000000000e-009,0.0003875
-5.800000000e-009,9.375e-006
-5.600000000e-009,0.0002
-5.400000000e-009,0.00049375
-5.200000000e-009,0.0003234375
-5.000000000e-009,-0.000253125
-4.800000000e-009,-0.0002203125
-4.600000000e-009,-8.515625e-005
-4.400000000e-009,-0.00013046875
-4.200000000e-009,0.00021796875
-4.000000000e-009,0.00028203125
-3.800000000e-009,-0.0001515625
-3.600000000e-009,-0.0002171875
-3.400000000e-009,-3.75e-005
-3.200000000e-009,0.000184375
-3.000000000e-009,0.0002671875
-2.800000000e-009,0.00050234375
-2.600000000e-009,0.000228125
-2.400000000e-009,0.0002046875
-2.200000000e-009,-6.328125e-005
-2.000000000e-009,-0.00020078125
-1.800000000e-009,-0.00018984375
-1.600000000e-009,-0.00020859375
-1.400000000e-009,0.00026484375
-1.200000000e-009,0.00031015625
-1.000000000e-009,0.00011640625
-8.000000000e-010,7.03125e-006
-6.000000000e-010,-9.375e-005
-4.000000000e-010,-0.00010078125
-2.000000000e-010,-9.609375e-005
0.000000000e+000,-0.0001984375
2.000000000e-010,-0.00019765625
4.000000000e-010,-0.00019375
6.000000000e-010,9.375e-005
8.000000000e-010,0.0001015625
1.000000000e-009,0.00029296875
1.200000000e-009,0.0001984375
1.400000000e-009,-9.296875e-005
1.600000000e-009,-0.0004109375
1.800000000e-009,-0.00029296875
2.000000000e-009,-9.84375e-005
2.200000000e-009,-0.0002015625
2.400000000e-009,-0.00019609375
2.600000000e-009,-0.0001
2.800000000e-009,-9.921875e-005
3.000000000e-009,2.34375e-006
3.200000000e-009,0.0001
3.400000000e-009,-7.03125e-006
3.600000000e-009,-9.765625e-005
3.800000000e-009,1.5625e-006
4.000000000e-009,-7.8125e-006
4.200000000e-009,-0.00019375
4.400000000e-009,-0.00050234375
4.600000000e-009,-0.0004015625
4.800000000e-009,-0.00019375
5.000000000e-009,-3.125e-006
5.200000000e-009,0.00061328125
5.400000000e-009,0.000525
5.600000000e-009,0.0001984375
5.800000000e-009,0.00020703125
6.000000000e-009,-1.5625e-006
6.200000000e-009,0.00020234375
6.400000000e-009,-0.0002171875
6.600000000e-009,-0.0004015625
6.800000000e-009,-0.00039921875
7.000000000e-009,-0.00040390625
7.200000000e-009,-0.00031171875
7.400000000e-009,-0.00019609375
7.600000000e-009,-0.00037578125
7.800000000e-009,-0.00050390625
8.000000000e-009,-0.00040546875
8.200000000e-009,-0.00039296875
8.400000000e-009,-0.0004109375
8.600000000e-009,-0.0003015625
8.800000000e-009,-0.000390625
9.000000000e-009,-0.00034375
9.200000000e-009,-0.00010703125
9.400000000e-009,-0.00025078125
9.600000000e-009,-0.0004
9.800000000e-009,-0.00039140625
1.000000000e-008,-0.000409375
1.020000000e-008,-5.3125e-005
1.040000000e-008,0.00010078125
1.060000000e-008,0.000221875
1.080000000e-008,-0.00021953125
1.100000000e-008,-0.00051015625
1.120000000e-008,-0.00029375
1.140000000e-008,-0.00030546875
1.160000000e-008,2.265625e-005
1.180000000e-008,0.00029453125
1.200000000e-008,0.0005203125
1.220000000e-008,0.00051171875
1.240000000e-008,6.328125e-005
1.260000000e-008,-1.5625e-006
1.280000000e-008,0.00010546875
1.300000000e-008,9.921875e-005
1.320000000e-008,0.00023515625
1.340000000e-008,0.0004
1.360000000e-008,0.00012578125
1.380000000e-008,-9.21875e-005
1.400000000e-008,0.00023359375
1.420000000e-008,8.75e-005
1.440000000e-008,0.00025859375
1.460000000e-008,0.000484375
1.480000000e-008,0.000153125
1.500000000e-008,6.953125e-005
1.520000000e-008,-0.00023203125
1.540000000e-008,-7.65625e-005
1.560000000e-008,-0.00015
1.580000000e-008,-0.0003109375
1.600000000e-008,-0.0002953125
1.620000000e-008,-0.00029296875
1.640000000e-008,-0.0001640625
1.660000000e-008,-0.00010703125
1.680000000e-008,-0.00024765625
1.700000000e-008,-0.000290625
1.720000000e-008,-0.0001765625
1.740000000e-008,-8.75e-005
1.760000000e-008,0.00014453125
1.780000000e-008,0.00030625
1.800000000e-008,0.0002671875
1.820000000e-008,-7.03125e-006
1.840000000e-008,-0.00021328125
1.860000000e-008,-5.46875e-006
1.880000000e-008,0.0004203125
1.900000000e-008,0.00029921875
1.920000000e-008,0.00050390625
1.940000000e-008,0.0002109375
1.960000000e-008,0.00020234375
1.980000000e-008,0.000103125
2.000000000e-008,-5.46875e-006
2.020000000e-008,-0.0002796875
2.040000000e-008,-0.00030234375
2.060000000e-008,-0.0003828125
2.080000000e-008,-0.0004140625
2.100000000e-008,-0.00014921875
2.120000000e-008,-3.90625e-006
2.140000000e-008,7.734375e-005
2.160000000e-008,0.000171875
2.180000000e-008,0.000371875
2.200000000e-008,0.0003890625
2.220000000e-008,0.0004765625
2.240000000e-008,4.765625e-005
2.260000000e-008,-0.0002015625
2.280000000e-008,-0.00020625
2.300000000e-008,-5.703125e-005
2.320000000e-008,0.00023515625
2.340000000e-008,0.00067890625
2.360000000e-008,0.00051796875
2.380000000e-008,0.000434375
2.400000000e-008,1.171875e-005
2.420000000e-008,7.8125e-006
2.440000000e-008,-0.00037578125
2.460000000e-008,-0.00070234375
2.480000000e-008,-0.00040859375
2.500000000e-008,8.984375e-005
2.520000000e-008,0.000203125
2.540000000e-008,0.0002046875
2.560000000e-008,9.84375e-005
2.580000000e-008,-2.22346149e-020
2.600000000e-008,0.00010390625
2.620000000e-008,0.0002
2.640000000e-008,8.828125e-005
2.660000000e-008,-0.00010078125
2.680000000e-008,1.328125e-005
2.700000000e-008,-6.25e-006
2.720000000e-008,-7.8125e-005
2.740000000e-008,0.00018984375
2.760000000e-008,-0.00025859375
2.780000000e-008,-0.0001796875
2.800000000e-008,-8.515625e-005
2.820000000e-008,7.03125e-006
2.840000000e-008,-2.734375e-005
2.860000000e-008,-0.00021953125
2.880000000e-008,-0.000290625
2.900000000e-008,-0.00019375
2.920000000e-008,-3.984375e-005
2.940000000e-008,0.000203125
2.960000000e-008,8.125e-005
2.980000000e-008,9.53125e-005
3.000000000e-008,-1.25e-005
3.020000000e-008,0.000125
3.040000000e-008,0.00030078125
3.060000000e-008,7.96875e-005
3.080000000e-008,-0.00011640625
3.100000000e-008,-0.00019609375
3.120000000e-008,-8.671875e-005
3.140000000e-008,2.109375e-005
3.160000000e-008,0.00021328125
3.180000000e-008,-1.796875e-005
3.200000000e-008,-0.00018828125
3.220000000e-008,1.5625e-006
3.240000000e-008,-0.0001140625
3.260000000e-008,1.328125e-005
3.280000000e-008,0.0003203125
3.300000000e-008,0.00019375
3.320000000e-008,-0.0003078125
3.340000000e-008,-0.00020078125
3.360000000e-008,-0.0005125
3.380000000e-008,-0.0004109375
3.400000000e-008,-0.0002
3.420000000e-008,-7.03125e-006
3.440000000e-008,4.6875e-006
3.460000000e-008,-0.00010546875
3.480000000e-008,-2.34375e-006
3.500000000e-008,-9.609375e-005
3.520000000e-008,5.234375e-005
3.540000000e-008,0.00021328125
3.560000000e-008,0.00011328125
3.580000000e-008,0.000171875
3.600000000e-008,0.00030234375
3.620000000e-008,0.00014453125
3.640000000e-008,6.328125e-005
3.660000000e-008,0.00056015625
3.680000000e-008,0.00035
3.700000000e-008,-0.00014375
3.720000000e-008,-0.0005640625
3.740000000e-008,-0.00079765625
3.760000000e-008,-0.00062421875
3.780000000e-008,-0.000228125
3.800000000e-008,-0.0001078125
3.820000000e-008,0.00025546875
3.840000000e-008,0.0005078125
3.860000000e-008,0.0001328125
3.880000000e-008,9.6875e-005
3.900000000e-008,8.59375e-006
3.920000000e-008,-1.5625e-006
3.940000000e-008,0.00018046875
3.960000000e-008,0.00049453125
3.980000000e-008,0.000409375
4.000000000e-008,0.00029921875
4.020000000e-008,0.00029765625
4.040000000e-008,0.00040625
4.060000000e-008,0.00067734375
4.080000000e-008,0.001
4.100000000e-008,0.0007125
4.120000000e-008,-2.96875e-005
4.140000000e-008,6.25e-006
4.160000000e-008,0.0001046875
4.180000000e-008,0.0003015625
4.200000000e-008,0.0003953125
4.220000000e-008,9.609375e-005
4.240000000e-008,-2.22346149e-020
4.260000000e-008,7.8125e-007
4.280000000e-008,7.8125e-007
4.300000000e-008,0.00010703125
4.320000000e-008,0.00019609375
4.340000000e-008,0.0001
4.360000000e-008,0.0002078125
4.380000000e-008,0.00019921875
4.400000000e-008,0.0001984375
4.420000000e-008,9.921875e-005
4.440000000e-008,0.0003203125
4.460000000e-008,0.00040078125
4.480000000e-008,9.375e-005
4.500000000e-008,0.0001
4.520000000e-008,-2.22346149e-020
4.540000000e-008,9.140625e-005
4.560000000e-008,0.00030625
4.580000000e-008,0.000309375
4.600000000e-008,-0.00010390625
4.620000000e-008,0.00018046875
4.640000000e-008,0.00010625
4.660000000e-008,8.59375e-006
4.680000000e-008,-9.84375e-005
4.700000000e-008,-1.875e-005
4.720000000e-008,0.00018125
4.740000000e-008,0.0003
4.760000000e-008,0.000209375
4.780000000e-008,1.953125e-005
4.800000000e-008,-9.21875e-005
4.820000000e-008,-4.296875e-005
4.840000000e-008,0.0003640625
4.860000000e-008,0.0004453125
4.880000000e-008,0.000134375
4.900000000e-008,9.140625e-005
4.920000000e-008,1.5625e-005
4.940000000e-008,-0.00026640625
4.960000000e-008,-0.00030859375
4.980000000e-008,1.171875e-005
5.000000000e-008,0.00040078125
5.020000000e-008,0.0003328125
5.040000000e-008,9.21875e-005
5.060000000e-008,-0.000159375
5.080000000e-008,-0.00070625
5.100000000e-008,-0.00040859375
5.120000000e-008,-0.0003875
5.140000000e-008,9.53125e-005
5.160000000e-008,-1.171875e-005
5.180000000e-008,7.8125e-006
5.200000000e-008,-0.0003140625
5.220000000e-008,-3.90625e-006
5.240000000e-008,0.0003203125
5.260000000e-008,0.00030390625
5.280000000e-008,8.28125e-005
5.300000000e-008,-1.25e-005
5.320000000e-008,-0.00017578125
5.340000000e-008,0.00020703125
5.360000000e-008,0.0002296875
5.380000000e-008,0.0003828125
5.400000000e-008,-3.203125e-005
5.420000000e-008,-9.375e-006
5.440000000e-008,-6.015625e-005
5.460000000e-008,6.171875e-005
5.480000000e-008,-0.00013515625
5.500000000e-008,0.00029296875
5.520000000e-008,0.0001703125
5.540000000e-008,0.00058046875
5.560000000e-008,0.00011796875
5.580000000e-008,5.625e-005
5.600000000e-008,-0.0001875
5.620000000e-008,-1.796875e-005
5.640000000e-008,-0.00018359375
5.660000000e-008,0.0001171875
5.680000000e-008,0.00013046875
5.700000000e-008,0.00029140625
5.720000000e-008,7.96875e-005
5.740000000e-008,9.140625e-005
5.760000000e-008,2.734375e-005
5.780000000e-008,0.00019453125
5.800000000e-008,-0.00012421875
5.820000000e-008,-9.921875e-005
5.840000000e-008,-0.00032578125
5.860000000e-008,-0.00020625
5.880000000e-008,2.1875e-005
5.900000000e-008,0.00019140625
5.920000000e-008,0.00029921875
5.940000000e-008,0.00020078125
5.960000000e-008,0.0003046875
5.980000000e-008,0.000346875
6.000000000e-008,-8.515625e-005
6.020000000e-008,5.15625e-005
6.040000000e-008,0.0002125
6.060000000e-008,-1.5625e-006
6.080000000e-008,0.0001828125
6.100000000e-008,8.90625e-005
6.120000000e-008,-0.00011796875
6.140000000e-008,8.90625e-005
6.160000000e-008,-7.8125e-006
6.180000000e-008,0.0003015625
6.200000000e-008,0.00029921875
6.220000000e-008,4.453125e-005
6.240000000e-008,-9.921875e-005
6.260000000e-008,4.453125e-005
6.280000000e-008,0.0002640625
6.300000000e-008,0.00049453125
6.320000000e-008,0.00032421875
6.340000000e-008,0.00012109375
6.360000000e-008,-8.90625e-005
6.380000000e-008,-0.000296875
6.400000000e-008,-0.00020625
6.420000000e-008,-0.00019453125
6.440000000e-008,-0.0002984375
6.460000000e-008,-0.00030625
6.480000000e-008,-9.84375e-005
6.500000000e-008,-0.00018671875
6.520000000e-008,-0.0001984375
6.540000000e-008,-1.5625e-006
6.560000000e-008,-0.000103125
6.580000000e-008,-0.0001
6.600000000e-008,-0.00010078125
6.620000000e-008,-9.84375e-005
6.640000000e-008,1.71875e-005
6.660000000e-008,0.00020078125
6.680000000e-008,0.00021640625
6.700000000e-008,0.000390625
6.720000000e-008,5.9375e-005
6.740000000e-008,0.00010859375
6.760000000e-008,9.453125e-005
6.780000000e-008,0.0001015625
6.800000000e-008,9.765625e-005
6.820000000e-008,0.000103125
6.840000000e-008,7.734375e-005
6.860000000e-008,-0.000121875
6.880000000e-008,-0.0001875
6.900000000e-008,3.984375e-005
6.920000000e-008,0.0002046875
6.940000000e-008,8.515625e-005
6.960000000e-008,-2.578125e-005
6.980000000e-008,-0.00021484375
7.000000000e-008,-0.00031171875
7.020000000e-008,-0.00017265625
7.040000000e-008,9.53125e-005
7.060000000e-008,1.40625e-005
7.080000000e-008,0.00043828125
7.100000000e-008,0.00027421875
7.120000000e-008,0.000221875
7.140000000e-008,0.00018203125
7.160000000e-008,-0.00022890625
7.180000000e-008,-0.000309375
7.200000000e-008,-0.0005859375
7.220000000e-008,-8.359375e-005
7.240000000e-008,-0.0001203125
7.260000000e-008,5.46875e-006
7.280000000e-008,0.0004984375
7.300000000e-008,0.00010078125
7.320000000e-008,0.000303125
7.340000000e-008,-8.359375e-005
7.360000000e-008,-0.0001
7.380000000e-008,1.015625e-005
7.400000000e-008,-0.00020390625
7.420000000e-008,4.140625e-005
7.440000000e-008,-0.0004875
7.460000000e-008,1.015625e-005
7.480000000e-008,7.03125e-006
7.500000000e-008,0.000325
7.520000000e-008,0.00027890625
7.540000000e-008,1.71875e-005
7.560000000e-008,-8.4375e-005
7.580000000e-008,-0.00021328125
7.600000000e-008,6.015625e-005
7.620000000e-008,0.000221875
7.640000000e-008,9.375e-006
7.660000000e-008,1.5625e-005
7.680000000e-008,-0.00027421875
7.700000000e-008,-0.0003125
7.720000000e-008,-0.00029375
7.740000000e-008,-0.00032890625
7.760000000e-008,8.59375e-005
7.780000000e-008,0.00029609375
7.800000000e-008,0.0003046875
7.820000000e-008,0.00012890625
7.840000000e-008,8.046875e-005
7.860000000e-008,0.00048984375
7.880000000e-008,0.00030234375
7.900000000e-008,0.0002109375
7.920000000e-008,-9.0625e-005
7.940000000e-008,-0.0001953125
7.960000000e-008,-0.0004109375
7.980000000e-008,-0.00059765625
8.000000000e-008,-0.00060859375
8.020000000e-008,-0.0008875
8.040000000e-008,-0.001003125
8.060000000e-008,-0.00168984375
8.080000000e-008,-0.00213828125
8.100000000e-008,-0.0027109375
8.120000000e-008,-0.00311328125
8.140000000e-008,-0.00330078125
8.160000000e-008,-0.0037140625
8.180000000e-008,-0.0037984375
8.200000000e-008,-0.00392734375
8.220000000e-008,-0.004409375
8.240000000e-008,-0.00460703125
8.260000000e-008,-0.0049140625
8.280000000e-008,-0.00499296875
8.300000000e-008,-0.0050125
8.320000000e-008,-0.00553984375
8.340000000e-008,-0.00569609375
8.360000000e-008,-0.005903125
8.380000000e-008,-0.0059
8.400000000e-008,-0.005996875
8.420000000e-008,-0.00570234375
8.440000000e-008,-0.0055
8.460000000e-008,-0.00559296875
8.480000000e-008,-0.00570078125
8.500000000e-008,-0.005796875
8.520000000e-008,-0.0058015625
8.540000000e-008,-0.0057015625
8.560000000e-008,-0.005821875
8.580000000e-008,-0.0066421875
8.600000000e-008,-0.00707734375
8.620000000e-008,-0.00788671875
8.640000000e-008,-0.00884375
8.660000000e-008,-0.009421875
8.680000000e-008,-0.0103242188
8.700000000e-008,-0.01078125
8.720000000e-008,-0.0109085938
8.740000000e-008,-0.0107085938
8.760000000e-008,-0.0107171875
8.780000000e-008,-0.0102828125
8.800000000e-008,-0.00959921875
8.820000000e-008,-0.00846484375
8.840000000e-008,-0.007653125
8.860000000e-008,-0.00665078125
8.880000000e-008,-0.0060515625
8.900000000e-008,-0.00515234375
8.920000000e-008,-0.0043515625
8.940000000e-008,-0.00336328125
8.960000000e-008,-0.002696875
8.980000000e-008,-0.00235234375
9.000000000e-008,-0.00188359375
9.020000000e-008,-0.00178984375
9.040000000e-008,-0.00189765625
9.060000000e-008,-0.00162734375
9.080000000e-008,-0.00107890625
9.100000000e-008,-0.00090625
9.120000000e-008,-0.00058203125
9.140000000e-008,-0.000784375
9.160000000e-008,-0.0011109375
9.180000000e-008,-0.0010015625
9.200000000e-008,-0.001009375
9.220000000e-008,-0.00090703125
9.240000000e-008,-0.00045390625
9.260000000e-008,-0.00051015625
9.280000000e-008,-0.00058828125
9.300000000e-008,-0.00050234375
9.320000000e-008,-0.0005921875
9.340000000e-008,-0.00051171875
9.360000000e-008,-0.00069765625
9.380000000e-008,-0.00061484375
9.400000000e-008,-0.00078984375
9.420000000e-008,-0.00047734375
9.440000000e-008,-0.0005265625
9.460000000e-008,-0.0003234375
9.480000000e-008,0.00020859375
9.500000000e-008,0.00028984375
9.520000000e-008,0.00014140625
9.540000000e-008,-0.0001484375
9.560000000e-008,-0.000296875
9.580000000e-008,-0.00019453125
9.600000000e-008,-0.00018359375
9.620000000e-008,-0.00023828125
9.640000000e-008,-0.00052578125
9.660000000e-008,-0.00039140625
9.680000000e-008,-0.00024921875
9.700000000e-008,-0.00012109375
9.720000000e-008,-0.00040703125
9.740000000e-008,-9.6875e-005
9.760000000e-008,-0.0002234375
9.780000000e-008,-0.00029921875
9.800000000e-008,-0.000409375
9.820000000e-008,-0.0003046875
9.840000000e-008,-7.109375e-005
9.860000000e-008,1.015625e-005
9.880000000e-008,-0.00020859375
9.900000000e-008,-9.375e-006
9.920000000e-008,0.0002015625
9.940000000e-008,0.00013671875
9.960000000e-008,-1.5625e-005
9.980000000e-008,0.0003109375
1.000000000e-007,-0.0001625
1.002000000e-007,-0.00016484375
1.004000000e-007,8.046875e-005
1.006000000e-007,0.0002484375
1.008000000e-007,-7.8125e-006
1.010000000e-007,0.00039921875
1.012000000e-007,0.000371875
1.014000000e-007,0.00027109375
1.016000000e-007,0.000221875
1.018000000e-007,-0.000234375
1.020000000e-007,-0.0002296875
1.022000000e-007,-0.000128125
1.024000000e-007,0.00013828125
1.026000000e-007,0.000484375
1.028000000e-007,0.00040859375
1.030000000e-007,0.0003421875
1.032000000e-007,-0.0001796875
1.034000000e-007,-0.0003921875
1.036000000e-007,-0.0004984375
1.038000000e-007,-0.0004203125
1.040000000e-007,-0.0001046875
1.042000000e-007,0.00019140625
1.044000000e-007,0.00040390625
1.046000000e-007,0.00024765625
1.048000000e-007,-0.0004015625
1.050000000e-007,-0.00049921875
1.052000000e-007,-0.00060390625
1.054000000e-007,-0.00060078125
1.056000000e-007,-0.0004953125
1.058000000e-007,-0.00029296875
1.060000000e-007,3.125e-006
1.062000000e-007,-9.921875e-005
1.064000000e-007,0.00012734375
1.066000000e-007,0.0003
1.068000000e-007,0.00017265625
1.070000000e-007,9.84375e-005
1.072000000e-007,9.6875e-005
1.074000000e-007,0.00023515625
1.076000000e-007,0.0005140625
1.078000000e-007,0.0004046875
1.080000000e-007,0.00030859375
1.082000000e-007,-9.296875e-005
1.084000000e-007,0.00024609375
1.086000000e-007,6.640625e-005
1.088000000e-007,1.015625e-005
1.090000000e-007,-1.796875e-005
1.092000000e-007,-0.00022421875
1.094000000e-007,-6.71875e-005
1.096000000e-007,0.00022109375
1.098000000e-007,0.00020078125
1.100000000e-007,0.00031015625
1.102000000e-007,0.00029296875
1.104000000e-007,0.000184375
1.106000000e-007,8.4375e-005
1.108000000e-007,-0.00015859375
1.110000000e-007,-0.0004078125
1.112000000e-007,-0.00037265625
1.114000000e-007,-0.00019921875
1.116000000e-007,-0.00032734375
1.118000000e-007,-0.00028203125
1.120000000e-007,0.00010234375
1.122000000e-007,-0.00020234375
1.124000000e-007,-8.671875e-005
1.126000000e-007,-2.22346149e-020
1.128000000e-007,-0.00010703125
1.130000000e-007,-0.0001078125
1.132000000e-007,0.0001
1.134000000e-007,1.640625e-005
1.136000000e-007,-0.0003875
1.138000000e-007,-0.0005046875
1.140000000e-007,-0.000415625
1.142000000e-007,-0.0001359375
1.144000000e-007,2.265625e-005
1.146000000e-007,0.00063125
1.148000000e-007,0.00055234375
1.150000000e-007,0.00050390625
1.152000000e-007,0.0003203125
1.154000000e-007,0.00029453125
1.156000000e-007,0.0002203125
1.158000000e-007,9.453125e-005
1.160000000e-007,0.00027265625
1.162000000e-007,0.0004328125
1.164000000e-007,-5.625e-005
1.166000000e-007,-0.00028515625
1.168000000e-007,-0.0004875
1.170000000e-007,-0.0005109375
1.172000000e-007,-0.00031328125
1.174000000e-007,9.609375e-005
1.176000000e-007,-0.0001828125
1.178000000e-007,-0.00029375
1.180000000e-007,-0.0003125
1.182000000e-007,-8.59375e-006
1.184000000e-007,-0.0001
1.186000000e-007,0.0001828125
1.188000000e-007,0.00030078125
1.190000000e-007,0.00021015625
1.192000000e-007,-0.00011328125
1.194000000e-007,-0.00030546875
1.196000000e-007,1.25e-005
1.198000000e-007,9.84375e-005
1.200000000e-007,0.0002
1.202000000e-007,0.00010703125
1.204000000e-007,-0.00030859375
1.206000000e-007,-9.375e-005
1.208000000e-007,6.25e-006
1.210000000e-007,0.00020078125
1.212000000e-007,0.00019609375
1.214000000e-007,-3.125e-006
1.216000000e-007,-9.765625e-005
1.218000000e-007,2.34375e-006
1.220000000e-007,0.00010703125
1.222000000e-007,0.00040625
1.224000000e-007,0.000278125
1.226000000e-007,-9.375e-006
1.228000000e-007,-0.00020703125
1.230000000e-007,-0.00019921875
1.232000000e-007,-0.00030234375
1.234000000e-007,-0.00020234375
1.236000000e-007,0.0002140625
1.238000000e-007,0.00019921875
1.240000000e-007,0.0004
1.242000000e-007,0.00011328125
1.244000000e-007,9.921875e-005
1.246000000e-007,6.25e-006
1.248000000e-007,-0.000103125
1.250000000e-007,-0.00010390625
1.252000000e-007,0.0001046875
1.254000000e-007,0.000103125
1.256000000e-007,0.0001
1.258000000e-007,9.453125e-005
1.260000000e-007,0.00019296875
1.262000000e-007,0.00013671875
1.264000000e-007,-0.0002046875
1.266000000e-007,8.828125e-005
1.268000000e-007,-9.375e-005
1.270000000e-007,0.00015703125
1.272000000e-007,0.00029765625
1.274000000e-007,0.000384375
1.276000000e-007,0.000409375
1.278000000e-007,0.000303125
1.280000000e-007,0.000315625
1.282000000e-007,7.109375e-005
1.284000000e-007,-0.00019375
1.286000000e-007,-0.00013125
1.288000000e-007,8.59375e-005
1.290000000e-007,0.0003546875
1.292000000e-007,0.0006015625
1.294000000e-007,0.0008875
1.296000000e-007,0.00068203125
1.298000000e-007,5.703125e-005
1.300000000e-007,-0.000615625
1.302000000e-007,-0.00060625
1.304000000e-007,-0.000490625
1.306000000e-007,-0.00011015625
1.308000000e-007,0.00032109375
1.310000000e-007,0.00039140625
1.312000000e-007,0.00047109375
1.314000000e-007,1.5625e-006
1.316000000e-007,0.00035234375
1.318000000e-007,0.00050234375
1.320000000e-007,0.00043203125
1.322000000e-007,0.0006953125
1.324000000e-007,0.000228125
1.326000000e-007,9.53125e-005
1.328000000e-007,-1.25e-005
1.330000000e-007,0.00011875
1.332000000e-007,0.00030390625
1.334000000e-007,0.000190625
1.336000000e-007,0.000225
1.338000000e-007,0.00030078125
1.340000000e-007,0.00032265625
1.342000000e-007,0.0005359375
1.344000000e-007,0.00056875
1.346000000e-007,0.000228125
1.348000000e-007,-2.8125e-005
1.350000000e-007,-0.00014140625
1.352000000e-007,-0.00026171875
1.354000000e-007,6.25e-006
1.356000000e-007,-0.0001140625
1.358000000e-007,-0.0001296875
1.360000000e-007,-0.00044765625
1.362000000e-007,-0.0001515625
1.364000000e-007,0.0003390625
1.366000000e-007,0.0003046875
1.368000000e-007,0.00056953125
1.370000000e-007,0.0005921875
1.372000000e-007,0.00026953125
1.374000000e-007,4.6875e-006
1.376000000e-007,-0.00052890625
1.378000000e-007,-0.000303125
1.380000000e-007,-0.0003921875
1.382000000e-007,-1.328125e-005
1.384000000e-007,0.00011796875
1.386000000e-007,0.00039765625
1.388000000e-007,0.00019375
1.390000000e-007,1.71875e-005
1.392000000e-007,-9.84375e-005
1.394000000e-007,-9.453125e-005
1.396000000e-007,-0.00019375
1.398000000e-007,-0.00014453125
1.400000000e-007,9.375e-006
1.402000000e-007,-0.0002671875
1.404000000e-007,-0.00015
1.406000000e-007,-1.484375e-005
1.408000000e-007,0.00013359375
1.410000000e-007,0.00041796875
1.412000000e-007,0.0005515625
1.414000000e-007,0.0002703125
1.416000000e-007,0.0001140625
1.418000000e-007,-6.640625e-005
1.420000000e-007,-3.90625e-005
1.422000000e-007,0.00026796875
1.424000000e-007,0.00030390625
1.426000000e-007,0.00023125
1.428000000e-007,-8.984375e-005
1.430000000e-007,-0.000121875
1.432000000e-007,3.90625e-006
1.434000000e-007,-0.00011640625
1.436000000e-007,0.00019921875
1.438000000e-007,-0.00019140625
1.440000000e-007,-9.921875e-005
1.442000000e-007,-0.00019140625
1.444000000e-007,-9.84375e-005
1.446000000e-007,0.0001
1.448000000e-007,1.5625e-006
1.450000000e-007,0.0001
1.452000000e-007,-9.453125e-005
1.454000000e-007,0.00030390625
1.456000000e-007,0.0003140625
1.458000000e-007,0.00059921875
1.460000000e-007,0.00028515625
1.462000000e-007,0.00029140625
1.464000000e-007,8.515625e-005
1.466000000e-007,0.0002140625
1.468000000e-007,0.000184375
1.470000000e-007,0.00021640625
1.472000000e-007,0.00026875
1.474000000e-007,0.00010625
1.476000000e-007,0.00016796875
1.478000000e-007,-0.00010546875
1.480000000e-007,0.00018515625
1.482000000e-007,0.00026953125
1.484000000e-007,0.00012734375
1.486000000e-007,0.00027265625
1.488000000e-007,-0.0001390625
1.490000000e-007,-0.00011015625
1.492000000e-007,-0.0003046875
1.494000000e-007,2.96875e-005
1.496000000e-007,0.000190625
1.498000000e-007,-7.03125e-006
1.500000000e-007,0.00015
1.502000000e-007,0.000409375
1.504000000e-007,0.00024453125
1.506000000e-007,-7.8125e-006
1.508000000e-007,-0.00011015625
1.510000000e-007,-9.765625e-005
1.512000000e-007,0.00012890625
1.514000000e-007,0.00019609375
1.516000000e-007,-2.734375e-005
1.518000000e-007,-0.0003
1.520000000e-007,-0.00029609375
1.522000000e-007,-0.00039765625
1.524000000e-007,-0.0006984375
1.526000000e-007,-0.000403125
1.528000000e-007,-0.0005
1.530000000e-007,-2.421875e-005
1.532000000e-007,0.00010234375
1.534000000e-007,4.53125e-005
1.536000000e-007,-0.000290625
1.538000000e-007,-0.0001375
1.540000000e-007,-4.0625e-005
1.542000000e-007,0.00034609375
1.544000000e-007,0.00027109375
1.546000000e-007,2.5e-005
1.548000000e-007,-9.84375e-005
1.550000000e-007,-2.03125e-005
1.552000000e-007,8.59375e-005
1.554000000e-007,0.00019765625
1.556000000e-007,0.0001125
1.558000000e-007,1.015625e-005
1.560000000e-007,-9.0625e-005
1.562000000e-007,-0.00018984375
1.564000000e-007,-0.0003765625
1.566000000e-007,-0.00063671875
1.568000000e-007,-1.640625e-005
1.570000000e-007,1.40625e-005
1.572000000e-007,1.5625e-006
1.574000000e-007,-9.765625e-005
1.576000000e-007,-7.8125e-006
1.578000000e-007,6.25e-006
1.580000000e-007,-9.921875e-005
1.582000000e-007,-0.00019453125
1.584000000e-007,-0.0002046875
1.586000000e-007,-9.53125e-005
1.588000000e-007,-0.00030390625
1.590000000e-007,-0.00020625
1.592000000e-007,-9.375e-005
1.594000000e-007,0.00017890625
1.596000000e-007,0.0004
1.598000000e-007,0.00020625
1.600000000e-007,-0.00010703125
1.602000000e-007,-0.0001015625
1.604000000e-007,-0.0003015625
1.606000000e-007,3.125e-006
1.608000000e-007,9.765625e-005
1.610000000e-007,-0.00010390625
1.612000000e-007,-0.00018203125
1.614000000e-007,0.0001
1.616000000e-007,-0.0001015625
1.618000000e-007,0.00010625
1.620000000e-007,-1.875e-005
1.622000000e-007,-9.765625e-005
1.624000000e-007,-4.6875e-006
1.626000000e-007,-0.00019765625
1.628000000e-007,-9.296875e-005
1.630000000e-007,0.0001984375
1.632000000e-007,0.0003046875
1.634000000e-007,0.0003
1.636000000e-007,0.00030703125
1.638000000e-007,0.000421875
1.640000000e-007,-0.00020234375
1.642000000e-007,-0.000215625
1.644000000e-007,0.00010390625
1.646000000e-007,4.6875e-006
1.648000000e-007,9.375e-006
1.650000000e-007,0.00038515625
1.652000000e-007,0.00030546875
1.654000000e-007,0.0001296875
1.656000000e-007,-0.00010546875
1.658000000e-007,0.0001734375
1.660000000e-007,0.000209375
1.662000000e-007,0.00026953125
1.664000000e-007,0.00050625
1.666000000e-007,5.9375e-005
1.668000000e-007,-0.000115625
1.670000000e-007,-6.953125e-005
1.672000000e-007,-0.00030546875
1.674000000e-007,0.0001015625
1.676000000e-007,0.0004125
1.678000000e-007,0.0002359375
1.680000000e-007,0.00019140625
1.682000000e-007,0.0003
1.684000000e-007,0.00020859375
1.686000000e-007,0.0002296875
1.688000000e-007,0.0006
1.690000000e-007,0.00040859375
1.692000000e-007,0.00049921875
1.694000000e-007,0.000221875
1.696000000e-007,9.921875e-005
1.698000000e-007,9.84375e-005
1.700000000e-007,0.00021328125
1.702000000e-007,0.0004015625
1.704000000e-007,0.00019921875
1.706000000e-007,0.000309375
1.708000000e-007,-0.0001203125
1.710000000e-007,-7.8125e-007
1.712000000e-007,-0.00021328125
1.714000000e-007,-5.46875e-006
1.716000000e-007,0.00021875
1.718000000e-007,0.00019296875
1.720000000e-007,0.0001015625
1.722000000e-007,0.000203125
1.724000000e-007,0.0001890625
1.726000000e-007,0.000209375
1.728000000e-007,0.000296875
1.730000000e-007,0.00019375
1.732000000e-007,0.00020703125
1.734000000e-007,0.000196875
1.736000000e-007,0.00021328125
1.738000000e-007,0.00016953125
1.740000000e-007,-2.34375e-005
1.742000000e-007,-4.6875e-006
1.744000000e-007,4.84375e-005
1.746000000e-007,0.00018984375
1.748000000e-007,-5e-005
1.750000000e-007,0.00019375
1.752000000e-007,0.0006484375
1.754000000e-007,0.00035
1.756000000e-007,-4.6875e-006
1.758000000e-007,-0.0005375
1.760000000e-007,-0.00081875
1.762000000e-007,-0.00067109375
1.764000000e-007,-0.00015390625
1.766000000e-007,0.00030078125
1.768000000e-007,7.265625e-005
1.770000000e-007,7.8125e-007
1.772000000e-007,-8.59375e-005
1.774000000e-007,0.0001015625
1.776000000e-007,-0.00011171875
1.778000000e-007,-8.90625e-005
1.780000000e-007,-0.00041484375
1.782000000e-007,-0.00020703125
1.784000000e-007,-0.0001
1.786000000e-007,-8.984375e-005
1.788000000e-007,-0.00019609375
1.790000000e-007,-0.00019609375
1.792000000e-007,-0.00029140625
1.794000000e-007,-0.0003171875
1.796000000e-007,-0.000209375
1.798000000e-007,-0.00017890625
1.800000000e-007,-0.00028125
1.802000000e-007,-0.00032265625
1.804000000e-007,-0.000221875
1.806000000e-007,-0.00018203125
1.808000000e-007,-0.00021875
1.810000000e-007,-0.000159375
1.812000000e-007,-0.00052265625
1.814000000e-007,-0.000784375
1.816000000e-007,-0.0001875
1.818000000e-007,4.296875e-005
1.820000000e-007,-0.0001265625
1.822000000e-007,0.00032734375
1.824000000e-007,-0.00037890625
1.826000000e-007,-0.0001375
1.828000000e-007,-0.0002828125
1.830000000e-007,-0.0004171875
1.832000000e-007,-8.59375e-006
1.834000000e-007,0.00039453125
1.836000000e-007,0.00040078125
1.838000000e-007,0.00031796875
1.840000000e-007,0.0001
1.842000000e-007,0.0001984375
1.844000000e-007,0.000196875
1.846000000e-007,0.0001015625
1.848000000e-007,-0.0002125
1.850000000e-007,-0.00029765625
1.852000000e-007,-0.0001921875
1.854000000e-007,-9.6875e-005
1.856000000e-007,0.00013203125
1.858000000e-007,0.00039765625
1.860000000e-007,0.000325
1.862000000e-007,0.00046953125
1.864000000e-007,-7.578125e-005
1.866000000e-007,3.359375e-005
1.868000000e-007,0.0002078125
1.870000000e-007,8.828125e-005
1.872000000e-007,-4.609375e-005
1.874000000e-007,-0.000325
1.876000000e-007,-0.0003859375
1.878000000e-007,-0.0002953125
1.880000000e-007,-0.00011015625
1.882000000e-007,0.00019375
1.884000000e-007,-3.90625e-006
1.886000000e-007,0.00020703125
1.888000000e-007,6.875e-005
1.890000000e-007,-3.90625e-006
1.892000000e-007,7.8125e-006
1.894000000e-007,0.00021875
1.896000000e-007,0.000390625
1.898000000e-007,0.000315625
1.900000000e-007,0.00049296875
1.902000000e-007,7.890625e-005
1.904000000e-007,-0.0001109375
1.906000000e-007,-0.00020390625
1.908000000e-007,-0.00030859375
1.910000000e-007,-0.00029609375
1.912000000e-007,-6.171875e-005
1.914000000e-007,0.0002984375
1.916000000e-007,0.00021171875
1.918000000e-007,0.00059921875
1.920000000e-007,7.5e-005
1.922000000e-007,-9.375e-005
1.924000000e-007,-0.0003
1.926000000e-007,-0.0001078125
1.928000000e-007,-6.25e-006
1.930000000e-007,0.00020390625
1.932000000e-007,9.375e-006
1.934000000e-007,3.4375e-005
1.936000000e-007,-0.0002796875
1.938000000e-007,-6.640625e-005
1.940000000e-007,2.34375e-006
1.942000000e-007,9.21875e-005
1.944000000e-007,1.328125e-005
1.946000000e-007,6.015625e-005
1.948000000e-007,0.00028671875
1.950000000e-007,0.00029765625
1.952000000e-007,0.00039296875
1.954000000e-007,0.00040078125
1.956000000e-007,0.00040234375
1.958000000e-007,0.0002390625
1.960000000e-007,-8.90625e-005
1.962000000e-007,-2.65625e-005
1.964000000e-007,0.0001921875
1.966000000e-007,0.00039765625
1.968000000e-007,0.000215625
1.970000000e-007,-7.8125e-007
1.972000000e-007,8.59375e-006
1.974000000e-007,-0.00019921875
1.976000000e-007,-1.5625e-006
1.978000000e-007,-9.140625e-005
1.980000000e-007,-0.000103125
1.982000000e-007,-6.25e-006
1.984000000e-007,-5.46875e-006
1.986000000e-007,-0.0001984375
1.988000000e-007,-9.609375e-005
1.990000000e-007,-1.875e-005
1.992000000e-007,0.0003
1.994000000e-007,5.46875e-006
1.996000000e-007,1.640625e-005
1.998000000e-007,0.00019921875
2.000000000e-007,-1.640625e-005
2.002000000e-007,-9.921875e-005
2.004000000e-007,-0.0002078125
2.006000000e-007,-0.0004015625
2.008000000e-007,-0.0002828125
2.010000000e-007,-9.84375e-005
2.012000000e-007,-9.921875e-005
2.014000000e-007,2.34375e-006
2.016000000e-007,-0.00012265625
2.018000000e-007,-0.00029765625
2.020000000e-007,-8.59375e-005
2.022000000e-007,-0.00010078125
2.024000000e-007,0.0001078125
2.026000000e-007,0.00029921875
2.028000000e-007,0.0001953125
2.030000000e-007,0.00029921875
2.032000000e-007,0.0003953125
2.034000000e-007,2.5e-005
2.036000000e-007,-9.921875e-005
2.038000000e-007,0.00020078125
2.040000000e-007,0.0001078125
2.042000000e-007,0.000596875
2.044000000e-007,0.0001875
2.046000000e-007,0.00029453125
2.048000000e-007,0.00019921875
2.050000000e-007,0.00033671875
2.052000000e-007,-0.0002765625
2.054000000e-007,-0.000115625
2.056000000e-007,-0.00028125
2.058000000e-007,-0.00021640625
2.060000000e-007,-0.00019609375
2.062000000e-007,-0.000209375
2.064000000e-007,-0.00018046875
2.066000000e-007,-0.00040859375
2.068000000e-007,-4.375e-005
2.070000000e-007,0.00017578125
2.072000000e-007,0.00031484375
2.074000000e-007,4.84375e-005
2.076000000e-007,-6.25e-006
2.078000000e-007,1.875e-005
2.080000000e-007,-1.40625e-005
2.082000000e-007,0.00038125
2.084000000e-007,0.00019921875
2.086000000e-007,0.000190625
2.088000000e-007,8.984375e-005
2.090000000e-007,-0.0001890625
2.092000000e-007,-0.00030546875
2.094000000e-007,-0.0004953125
2.096000000e-007,-0.00026328125
2.098000000e-007,0.000490625
2.100000000e-007,0.0004609375
2.102000000e-007,0.00028984375
2.104000000e-007,0.00048203125
2.106000000e-007,-9.609375e-005
2.108000000e-007,-0.00019296875
2.110000000e-007,-0.00010390625
2.112000000e-007,0.00011796875
2.114000000e-007,0.0002125
2.116000000e-007,0.00038671875
2.118000000e-007,-1.640625e-005
2.120000000e-007,-5.9375e-005
2.122000000e-007,9.140625e-005
2.124000000e-007,3.28125e-005
2.126000000e-007,0.0002890625
2.128000000e-007,-0.000221875
2.130000000e-007,-0.0002671875
2.132000000e-007,-0.0001390625
2.134000000e-007,-0.0004
2.136000000e-007,-0.000134375
2.138000000e-007,4.84375e-005
2.140000000e-007,0.00036328125
2.142000000e-007,0.00025234375
2.144000000e-007,-4.609375e-005
2.146000000e-007,-0.0001109375
2.148000000e-007,-3.75e-005
2.150000000e-007,7.34375e-005
2.152000000e-007,-0.0002484375
2.154000000e-007,-0.00019921875
2.156000000e-007,-0.00033984375
2.158000000e-007,-0.00050625
2.160000000e-007,-0.00029296875
2.162000000e-007,0.000309375
2.164000000e-007,0.000378125
2.166000000e-007,0.000103125
2.168000000e-007,-0.000125
2.170000000e-007,-0.0001046875
2.172000000e-007,0.0001265625
2.174000000e-007,0.00020390625
2.176000000e-007,9.21875e-005
2.178000000e-007,9.765625e-005
2.180000000e-007,0.00020234375
2.182000000e-007,0.0003078125
2.184000000e-007,0.0001171875
2.186000000e-007,-8.4375e-005
2.188000000e-007,-0.000109375
2.190000000e-007,7.890625e-005
2.192000000e-007,9.921875e-005
2.194000000e-007,8.828125e-005
2.196000000e-007,-0.00035390625
2.198000000e-007,-0.00016875
2.200000000e-007,0.00026015625
2.202000000e-007,0.00036171875
2.204000000e-007,0.000490625
2.206000000e-007,0.00033359375
2.208000000e-007,-0.000171875
2.210000000e-007,1.171875e-005
2.212000000e-007,0.00020078125
2.214000000e-007,0.0001984375
2.216000000e-007,0.000278125
2.218000000e-007,0.00059296875
2.220000000e-007,0.00031953125
2.222000000e-007,1.640625e-005
2.224000000e-007,-0.00018671875
2.226000000e-007,-0.00041875
2.228000000e-007,-3.125e-006
2.230000000e-007,-0.000103125
2.232000000e-007,0.0003078125
2.234000000e-007,0.00030234375
2.236000000e-007,0.00029765625
2.238000000e-007,-9.609375e-005
2.240000000e-007,3.90625e-006
2.242000000e-007,-7.8125e-007
2.244000000e-007,0.0001046875
2.246000000e-007,0.00020234375
2.248000000e-007,0.0002984375
2.250000000e-007,0.00019765625
2.252000000e-007,0.0002078125
2.254000000e-007,0.00018515625
2.256000000e-007,0.00016015625
2.258000000e-007,0.00047578125
2.260000000e-007,-6.015625e-005
2.262000000e-007,0.00012265625
2.264000000e-007,5.3125e-005
2.266000000e-007,1.953125e-005
2.268000000e-007,0.00019375
2.270000000e-007,-7.8125e-006
2.272000000e-007,-2.734375e-005
2.274000000e-007,-0.00019765625
2.276000000e-007,7.8125e-005
2.278000000e-007,0.00018671875
2.280000000e-007,-4.296875e-005
2.282000000e-007,-0.00021328125
2.284000000e-007,-0.00030234375
2.286000000e-007,-6.953125e-005
2.288000000e-007,0.00019453125
2.290000000e-007,-1.5625e-006
2.292000000e-007,0.000246875
2.294000000e-007,0.0004078125
2.296000000e-007,0.00038359375
2.298000000e-007,7.421875e-005
2.300000000e-007,-0.000309375
2.302000000e-007,-0.00020390625
2.304000000e-007,-0.00039921875
2.306000000e-007,-8.671875e-005
2.308000000e-007,-7.8125e-007
2.310000000e-007,-7.8125e-007
2.312000000e-007,-0.0001078125
2.314000000e-007,-0.0002
2.316000000e-007,-9.453125e-005
2.318000000e-007,-3.125e-006
2.320000000e-007,0.0002
2.322000000e-007,0.00049609375
2.324000000e-007,0.00021875
2.326000000e-007,-9.0625e-005
2.328000000e-007,-1.171875e-005
2.330000000e-007,0.00014375
2.332000000e-007,0.00039921875
2.334000000e-007,0.0002171875
2.336000000e-007,0.0003015625
2.338000000e-007,5.078125e-005
2.340000000e-007,-9.921875e-005
2.342000000e-007,-0.00011640625
2.344000000e-007,4.6875e-006
2.346000000e-007,-0.0001890625
2.348000000e-007,5.703125e-005
2.350000000e-007,0.0004609375
2.352000000e-007,0.0005296875
2.354000000e-007,0.0001171875
2.356000000e-007,0.00011640625
2.358000000e-007,-0.0003796875
2.360000000e-007,-1.953125e-005
2.362000000e-007,0.000309375
2.364000000e-007,0.0001953125
2.366000000e-007,0.00026484375
2.368000000e-007,-0.00048046875
2.370000000e-007,-4.84375e-005
2.372000000e-007,0.00020078125
2.374000000e-007,0.00030078125
2.376000000e-007,0.000109375
2.378000000e-007,-5.46875e-006
2.380000000e-007,-1.015625e-005
2.382000000e-007,-0.0004
2.384000000e-007,-9.21875e-005
2.386000000e-007,-0.00011875
2.388000000e-007,0.00040078125
2.390000000e-007,0.00010703125
2.392000000e-007,-0.00010703125
2.394000000e-007,-0.00019921875
2.396000000e-007,2.96875e-005
2.398000000e-007,0.0004
2.400000000e-007,0.000190625
2.402000000e-007,0.0001015625
2.404000000e-007,7.8125e-005
2.406000000e-007,-0.0003015625
2.408000000e-007,-8.671875e-005
2.410000000e-007,0.00020546875
2.412000000e-007,0.0001890625
2.414000000e-007,0.0001015625
2.416000000e-007,7.734375e-005
2.418000000e-007,-0.00020078125
2.420000000e-007,0.00010859375
2.422000000e-007,0.0002984375
2.424000000e-007,0.00052421875
2.426000000e-007,0.00060234375
2.428000000e-007,-0.00011796875
2.430000000e-007,-0.000115625
2.432000000e-007,0.00010078125
2.434000000e-007,0.000203125
2.436000000e-007,-1.015625e-005
2.438000000e-007,-0.00020234375
2.440000000e-007,-0.00010625
2.442000000e-007,-0.00049140625
2.444000000e-007,-0.00021171875
2.446000000e-007,-9.453125e-005
2.448000000e-007,-2.109375e-005
2.450000000e-007,0.00028984375
2.452000000e-007,0.00013125
2.454000000e-007,-1.015625e-005
2.456000000e-007,0.000103125
2.458000000e-007,-0.00016640625
2.460000000e-007,-0.0002203125
2.462000000e-007,-1.796875e-005
2.464000000e-007,7.96875e-005
2.466000000e-007,0.00025
2.468000000e-007,-0.00032734375
2.470000000e-007,-0.00038984375
2.472000000e-007,-0.0005953125
2.474000000e-007,-0.00027109375
2.476000000e-007,7.265625e-005
2.478000000e-007,0.0006578125
2.480000000e-007,0.00059921875
2.482000000e-007,0.00062421875
2.484000000e-007,0.00018125
2.486000000e-007,-8.90625e-005
2.488000000e-007,-0.00019765625
2.490000000e-007,-0.00018359375
2.492000000e-007,-0.0004890625
2.494000000e-007,0.00019140625
2.496000000e-007,6.328125e-005
2.498000000e-007,-9.6875e-005
2.500000000e-007,-0.0002046875
2.502000000e-007,-2.34375e-006
2.504000000e-007,0.0004328125
2.506000000e-007,0.00050078125
2.508000000e-007,0.00035859375
2.510000000e-007,9.609375e-005
2.512000000e-007,0.00023515625
2.514000000e-007,0.00040546875
2.516000000e-007,0.00051796875
2.518000000e-007,0.00048828125
2.520000000e-007,0.000275
2.522000000e-007,0.00019296875
2.524000000e-007,5.9375e-005
2.526000000e-007,1.484375e-005
2.528000000e-007,0.0002578125
2.530000000e-007,0.00042890625
2.532000000e-007,0.0004671875
2.534000000e-007,0.0001390625
2.536000000e-007,-0.00019609375
2.538000000e-007,-0.00040546875
2.540000000e-007,-0.00024375
2.542000000e-007,5.234375e-005
2.544000000e-007,0.00018515625
2.546000000e-007,-0.00015703125
2.548000000e-007,-0.00025234375
2.550000000e-007,0.00011953125
2.552000000e-007,5.546875e-005
2.554000000e-007,0.0001453125
2.556000000e-007,0.0006453125
2.558000000e-007,0.0006078125
2.560000000e-007,0.0010203125
2.562000000e-007,0.000703125
2.564000000e-007,0.00046171875
2.566000000e-007,0.00020234375
2.568000000e-007,0.0002109375
2.570000000e-007,0.000296875
2.572000000e-007,0.00029375
2.574000000e-007,0.0002
2.576000000e-007,0.00030390625
2.578000000e-007,0.0003421875
2.580000000e-007,3.125e-006
2.582000000e-007,0.0002625
2.584000000e-007,0.00030625
2.586000000e-007,0.00036875
2.588000000e-007,0.00049375
2.590000000e-007,0.0004671875
2.592000000e-007,0.00015
2.594000000e-007,5.9375e-005
2.596000000e-007,0.00023359375
2.598000000e-007,0.00047109375
2.600000000e-007,0.00012265625
2.602000000e-007,0.000359375
2.604000000e-007,8.359375e-005
2.606000000e-007,-0.0001421875
2.608000000e-007,6.796875e-005
2.610000000e-007,0.00027109375
2.612000000e-007,0.00047421875
2.614000000e-007,0.000721875
2.616000000e-007,0.000225
2.618000000e-007,-0.000159375
2.620000000e-007,-0.0005890625
2.622000000e-007,-0.00053125
2.624000000e-007,-0.00020234375
2.626000000e-007,-0.0002984375
2.628000000e-007,-0.00019921875
2.630000000e-007,-0.00037890625
2.632000000e-007,-0.0005
2.634000000e-007,-0.00030625
2.636000000e-007,-9.53125e-005
2.638000000e-007,-1.5625e-006
2.640000000e-007,0.00020625
2.642000000e-007,0.0001984375
2.644000000e-007,0.000209375
2.646000000e-007,0.00029765625
2.648000000e-007,0.00020859375
2.650000000e-007,0.0004
2.652000000e-007,0.0001359375
2.654000000e-007,-0.00011640625
2.656000000e-007,-0.00021953125
2.658000000e-007,-0.00017265625
2.660000000e-007,0.00015625
2.662000000e-007,0.0002046875
2.664000000e-007,0.00015625
2.666000000e-007,-0.00011875
2.668000000e-007,-0.00023125
2.670000000e-007,-0.0002765625
2.672000000e-007,8.4375e-005
2.674000000e-007,0.00018984375
2.676000000e-007,0.0001
2.678000000e-007,8.203125e-005
2.680000000e-007,-0.0001015625
2.682000000e-007,-4.6875e-006
2.684000000e-007,-0.0002140625
2.686000000e-007,-0.00019765625
2.688000000e-007,-0.0002046875
2.690000000e-007,-0.000196875
2.692000000e-007,-0.00022265625
2.694000000e-007,-0.00040625
2.696000000e-007,-0.0003734375
2.698000000e-007,-0.00019765625
2.700000000e-007,-0.00018828125
2.702000000e-007,0.00011875
2.704000000e-007,0.00041171875
2.706000000e-007,0.00039921875
2.708000000e-007,0.00028984375
2.710000000e-007,1.5625e-006
2.712000000e-007,-0.00020390625
2.714000000e-007,-0.00011171875
2.716000000e-007,0.0001
2.718000000e-007,8.90625e-005
2.720000000e-007,0.0003953125
2.722000000e-007,0.0001609375
2.724000000e-007,-7.03125e-006
2.726000000e-007,0.000109375
2.728000000e-007,5.9375e-005
2.730000000e-007,0.0004671875
2.732000000e-007,0.00021328125
2.734000000e-007,-2.8125e-005
2.736000000e-007,0.00026953125
2.738000000e-007,0.00033515625
2.740000000e-007,0.00018515625
2.742000000e-007,0.0004125
2.744000000e-007,0.0001078125
2.746000000e-007,0.00038046875
2.748000000e-007,5.15625e-005
2.750000000e-007,-0.000203125
2.752000000e-007,-0.00019375
2.754000000e-007,-0.00030546875
2.756000000e-007,-1.640625e-005
2.758000000e-007,0.00038984375
2.760000000e-007,0.00021875
2.762000000e-007,-8.046875e-005
2.764000000e-007,-0.00019375
2.766000000e-007,-0.000296875
2.768000000e-007,-0.00020234375
2.770000000e-007,7.96875e-005
2.772000000e-007,0.00029921875
2.774000000e-007,0.00020078125
2.776000000e-007,0.00030390625
2.778000000e-007,0.00029921875
2.780000000e-007,0.0004078125
2.782000000e-007,0.00050234375
2.784000000e-007,0.00029765625
2.786000000e-007,7.8125e-007
2.788000000e-007,9.296875e-005
2.790000000e-007,-9.84375e-005
2.792000000e-007,0.0002171875
2.794000000e-007,9.765625e-005
2.796000000e-007,5.46875e-006
2.798000000e-007,9.6875e-005
2.800000000e-007,-0.0001921875
2.802000000e-007,0.0003046875
2.804000000e-007,0.00030078125
2.806000000e-007,0.000390625
2.808000000e-007,-0.0001390625
2.810000000e-007,-0.00019453125
2.812000000e-007,7.8125e-006
2.814000000e-007,-7.8125e-007
2.816000000e-007,0.0002046875
2.818000000e-007,0.00020078125
2.820000000e-007,-0.0001109375
2.822000000e-007,-9.921875e-005
2.824000000e-007,-0.00030703125
2.826000000e-007,-0.0003953125
2.828000000e-007,-0.00050078125
2.830000000e-007,-0.00050703125
2.832000000e-007,-0.00029453125
2.834000000e-007,-0.00020625
2.836000000e-007,0.0001125
2.838000000e-007,0.0003
2.840000000e-007,0.00029609375
2.842000000e-007,0.000409375
2.844000000e-007,0.00028984375
2.846000000e-007,0.00059765625
2.848000000e-007,0.00032265625
2.850000000e-007,0.00039609375
2.852000000e-007,0.00021171875
2.854000000e-007,-3.359375e-005
2.856000000e-007,-0.0007453125
2.858000000e-007,-0.0007546875
2.860000000e-007,-0.0003484375
2.862000000e-007,6.953125e-005
2.864000000e-007,9.609375e-005
2.866000000e-007,0.0001375
2.868000000e-007,-0.0002703125
2.870000000e-007,-0.00056796875
2.872000000e-007,-0.00061796875
2.874000000e-007,1.5625e-006
2.876000000e-007,0.0002
2.878000000e-007,0.000115625
2.880000000e-007,-3.125e-006
2.882000000e-007,-8.359375e-005
2.884000000e-007,-0.0002984375
2.886000000e-007,-0.0001
2.888000000e-007,-0.00018828125
2.890000000e-007,0.0002953125
2.892000000e-007,0.00019453125
2.894000000e-007,0.00030625
2.896000000e-007,-0.00014140625
2.898000000e-007,-0.000103125
2.900000000e-007,0.00021875
2.902000000e-007,0.00010546875
2.904000000e-007,-0.00010546875
2.906000000e-007,3.90625e-006
2.908000000e-007,2.34375e-006
2.910000000e-007,-6.25e-006
2.912000000e-007,-6.71875e-005
2.914000000e-007,0.00020390625
2.916000000e-007,0.0001
2.918000000e-007,0.0001921875
2.920000000e-007,-5.3125e-005
2.922000000e-007,-0.000228125
2.924000000e-007,-0.00022734375
2.926000000e-007,0.000253125
2.928000000e-007,0.00028828125
2.930000000e-007,0.00016015625
2.932000000e-007,0.00018671875
2.934000000e-007,0.00035546875
2.936000000e-007,-2.109375e-005
2.938000000e-007,0.00021640625
2.940000000e-007,3.515625e-005
2.942000000e-007,-0.000121875
2.944000000e-007,-0.00019140625
2.946000000e-007,-9.6875e-005
2.948000000e-007,-9.21875e-005
2.950000000e-007,7.8125e-006
2.952000000e-007,0.00015390625
2.954000000e-007,0.0004015625
2.956000000e-007,0.00026953125
2.958000000e-007,0.00010078125
2.960000000e-007,0.00011328125
2.962000000e-007,0.00019921875
2.964000000e-007,0.0002046875
2.966000000e-007,0.00029609375
2.968000000e-007,0.00029375
2.970000000e-007,0.00020234375
2.972000000e-007,9.609375e-005
2.974000000e-007,-0.00016328125
2.976000000e-007,-0.00030546875
2.978000000e-007,-0.0001296875
2.980000000e-007,-1.5625e-006
2.982000000e-007,-1.015625e-005
2.984000000e-007,1.328125e-005
2.986000000e-007,-0.000209375
2.988000000e-007,0.00010390625
2.990000000e-007,0.00041875
2.992000000e-007,0.000253125
2.994000000e-007,0.00010703125
2.996000000e-007,0.00010390625
2.998000000e-007,9.140625e-005
3.000000000e-007,0.00011640625
3.002000000e-007,-3.4375e-005
3.004000000e-007,0.00034296875
3.006000000e-007,0.00043046875
3.008000000e-007,0.00037890625
3.010000000e-007,0.00070234375
3.012000000e-007,0.0003203125
3.014000000e-007,0.0001140625
3.016000000e-007,-9.375e-005
3.018000000e-007,-0.00010703125
3.020000000e-007,-3.125e-006
3.022000000e-007,0.00019609375
3.024000000e-007,0.0001984375
3.026000000e-007,1.71875e-005
3.028000000e-007,-0.0002015625
3.030000000e-007,-0.00020625
3.032000000e-007,0.00020703125
3.034000000e-007,0.00010078125
3.036000000e-007,4.6875e-006
3.038000000e-007,9.84375e-005
3.040000000e-007,-0.000115625
3.042000000e-007,-9.609375e-005
3.044000000e-007,-4.6875e-006
3.046000000e-007,-0.00010078125
3.048000000e-007,2.5e-005
3.050000000e-007,0.000109375
3.052000000e-007,6.171875e-005
3.054000000e-007,-9.140625e-005
3.056000000e-007,-3.75e-005
3.058000000e-007,-0.00042734375
3.060000000e-007,-0.0003390625
3.062000000e-007,-8.359375e-005
3.064000000e-007,2.65625e-005
3.066000000e-007,8.90625e-005
3.068000000e-007,9.375e-006
3.070000000e-007,9.0625e-005
3.072000000e-007,2.109375e-005
3.074000000e-007,0.00019453125
3.076000000e-007,0.00013203125
3.078000000e-007,0.00039375
3.080000000e-007,-4.140625e-005
3.082000000e-007,-8.515625e-005
3.084000000e-007,0.00010234375
3.086000000e-007,0.00012734375
3.088000000e-007,0.00040234375
3.090000000e-007,-2.109375e-005
3.092000000e-007,-0.0002125
3.094000000e-007,-0.00030234375
3.096000000e-007,-0.0002875
3.098000000e-007,-8.828125e-005
3.100000000e-007,0.00010859375
3.102000000e-007,-3.90625e-006
3.104000000e-007,-0.0001921875
3.106000000e-007,9.84375e-005
3.108000000e-007,-0.000109375
3.110000000e-007,-9.921875e-005
3.112000000e-007,-0.0002
3.114000000e-007,-1.953125e-005
3.116000000e-007,0.00020546875
3.118000000e-007,-0.00021328125
3.120000000e-007,-0.00050546875
3.122000000e-007,-0.00030859375
3.124000000e-007,-0.00033828125
3.126000000e-007,0.00017578125
3.128000000e-007,0.00035078125
3.130000000e-007,0.00012421875
3.132000000e-007,8.90625e-005
3.134000000e-007,0.0001984375
3.136000000e-007,0.00018828125
3.138000000e-007,0.00038203125
3.140000000e-007,0.00031640625
3.142000000e-007,0.0002046875
3.144000000e-007,0.0001171875
3.146000000e-007,-8.90625e-005
3.148000000e-007,-9.765625e-005
3.150000000e-007,-0.000196875
3.152000000e-007,-0.00010546875
3.154000000e-007,7.34375e-005
3.156000000e-007,0.0003015625
3.158000000e-007,3.59375e-005
3.160000000e-007,-1.40625e-005
3.162000000e-007,0.00011640625
3.164000000e-007,-0.0001015625
3.166000000e-007,0.0004828125
3.168000000e-007,0.00021796875
3.170000000e-007,7.8125e-007
3.172000000e-007,-0.0001078125
3.174000000e-007,-0.0003046875
3.176000000e-007,0.00012421875
3.178000000e-007,0.00048203125
3.180000000e-007,0.0007
3.182000000e-007,0.00060390625
3.184000000e-007,0.0002671875
3.186000000e-007,-0.00010078125
3.188000000e-007,9.375e-006
3.190000000e-007,-1.5625e-006
3.192000000e-007,6.25e-006
3.194000000e-007,0.0002
3.196000000e-007,0.0001046875
3.198000000e-007,0.00030078125
3.200000000e-007,9.53125e-005
3.202000000e-007,0.00031875
3.204000000e-007,0.0006
3.206000000e-007,0.00028828125
3.208000000e-007,0.00010234375
3.210000000e-007,0.0001046875
3.212000000e-007,-9.921875e-005
3.214000000e-007,0.0001984375
3.216000000e-007,0.0001921875
3.218000000e-007,0.00019921875
3.220000000e-007,0.00029765625
3.222000000e-007,1.875e-005
3.224000000e-007,-0.0001
3.226000000e-007,-7.8125e-007
3.228000000e-007,3.125e-006
3.230000000e-007,0.00029140625
3.232000000e-007,0.00039453125
3.234000000e-007,4.375e-005
3.236000000e-007,-0.00038984375
3.238000000e-007,-0.00059296875
3.240000000e-007,-0.00051953125
3.242000000e-007,-0.000140625
3.244000000e-007,9.6875e-005
3.246000000e-007,1.71875e-005
3.248000000e-007,-0.0001
3.250000000e-007,-8.203125e-005
3.252000000e-007,-0.0002953125
3.254000000e-007,-0.00012265625
3.256000000e-007,-0.00010546875
3.258000000e-007,8.203125e-005
3.260000000e-007,-4.609375e-005
3.262000000e-007,-0.00028046875
3.264000000e-007,-0.00030234375
3.266000000e-007,-0.00023046875
3.268000000e-007,-8.59375e-006
3.270000000e-007,7.34375e-005
3.272000000e-007,0.00030078125
3.274000000e-007,0.00033359375
3.276000000e-007,-1.09375e-005
3.278000000e-007,-0.00010703125
3.280000000e-007,5.46875e-006
3.282000000e-007,9.609375e-005
3.284000000e-007,0.00020703125
3.286000000e-007,0.0002984375
3.288000000e-007,0.00028984375
3.290000000e-007,0.00010859375
3.292000000e-007,-0.000115625
3.294000000e-007,-0.00019921875
3.296000000e-007,-6.484375e-005
3.298000000e-007,0.000296875
3.300000000e-007,0.00014375
3.302000000e-007,-0.00021015625
3.304000000e-007,-0.000165625
3.306000000e-007,0.000221875
3.308000000e-007,0.00066328125
3.310000000e-007,0.0006875
3.312000000e-007,0.0004828125
3.314000000e-007,0.00037578125
3.316000000e-007,3.671875e-005
3.318000000e-007,-0.00012265625
3.320000000e-007,-0.00034921875
3.322000000e-007,-0.0003921875
3.324000000e-007,-0.00025625
3.326000000e-007,-0.00021484375
3.328000000e-007,-0.0003
3.330000000e-007,-4.296875e-005
3.332000000e-007,0.00023046875
3.334000000e-007,0.00018828125
3.336000000e-007,2.65625e-005
3.338000000e-007,-7.421875e-005
3.340000000e-007,7.1875e-005
3.342000000e-007,-7.96875e-005
3.344000000e-007,0.000184375
3.346000000e-007,-9.0625e-005
3.348000000e-007,0.0002203125
3.350000000e-007,-0.00010546875
3.352000000e-007,-0.0001078125
3.354000000e-007,-0.00029921875
3.356000000e-007,-0.0003046875
3.358000000e-007,-0.00030546875
3.360000000e-007,3.828125e-005
3.362000000e-007,0.00019609375
3.364000000e-007,0.0003125
3.366000000e-007,0.0004
3.368000000e-007,0.000296875
3.370000000e-007,0.0001234375
3.372000000e-007,-2.22346149e-020
3.374000000e-007,8.125e-005
3.376000000e-007,0.00011328125
3.378000000e-007,-9.0625e-005
3.380000000e-007,-8.59375e-005
3.382000000e-007,-0.00050078125
3.384000000e-007,-0.0005640625
3.386000000e-007,-0.00018671875
3.388000000e-007,4.375e-005
3.390000000e-007,0.0003328125
3.392000000e-007,0.00033046875
3.394000000e-007,-0.0001875
3.396000000e-007,-0.00040390625
3.398000000e-007,-0.00028984375
3.400000000e-007,0.000228125
3.402000000e-007,0.000496875
3.404000000e-007,0.000415625
3.406000000e-007,0.0002203125
3.408000000e-007,0.00010390625
3.410000000e-007,3.90625e-006
3.412000000e-007,-8.75e-005
3.414000000e-007,-0.000396875
3.416000000e-007,-0.00020390625
3.418000000e-007,-0.00019765625
3.420000000e-007,-0.00019921875
3.422000000e-007,-0.00019765625
3.424000000e-007,-0.0002
3.426000000e-007,-0.0001
3.428000000e-007,-9.453125e-005
3.430000000e-007,0.0001
3.432000000e-007,-0.00020859375
3.434000000e-007,-9.6875e-005
3.436000000e-007,-0.000109375
3.438000000e-007,-9.53125e-005
3.440000000e-007,0.00023203125
3.442000000e-007,0.0003921875
3.444000000e-007,0.00017109375
3.446000000e-007,7.96875e-005
3.448000000e-007,-0.00011796875
3.450000000e-007,-0.00010234375
3.452000000e-007,-0.00023046875
3.454000000e-007,-0.00018125
3.456000000e-007,-0.0001421875
3.458000000e-007,-0.00040546875
3.460000000e-007,-0.0002828125
3.462000000e-007,-0.0002921875
3.464000000e-007,-0.0001875
3.466000000e-007,-6.796875e-005
3.468000000e-007,0.000221875
3.470000000e-007,-4.375e-005
3.472000000e-007,-0.00029140625
3.474000000e-007,-0.00010078125
3.476000000e-007,-0.00031640625
3.478000000e-007,-0.0001796875
3.480000000e-007,0.000284375
3.482000000e-007,0.00072734375
3.484000000e-007,0.0006484375
3.486000000e-007,0.00028359375
3.488000000e-007,-5.859375e-005
3.490000000e-007,-0.0004046875
3.492000000e-007,-0.00026171875
3.494000000e-007,9.375e-006
3.496000000e-007,0.00022890625
3.498000000e-007,0.00039609375
3.500000000e-007,-9.375e-006
3.502000000e-007,9.921875e-005
3.504000000e-007,-0.00010625
3.506000000e-007,-2.34375e-006
3.508000000e-007,-2.22346149e-020
3.510000000e-007,0.0002921875
3.512000000e-007,0.00029609375
3.514000000e-007,0.0005125
3.516000000e-007,0.00013359375
3.518000000e-007,-1.328125e-005
3.520000000e-007,6.5625e-005
3.522000000e-007,0.00034609375
3.524000000e-007,0.00042109375
3.526000000e-007,0.0003140625
3.528000000e-007,0.00021640625
3.530000000e-007,8.90625e-005
3.532000000e-007,0.00028125
3.534000000e-007,0.000303125
3.536000000e-007,0.00038515625
3.538000000e-007,0.0004328125
3.540000000e-007,-4.453125e-005
3.542000000e-007,-0.000403125
3.544000000e-007,-0.00029609375
3.546000000e-007,-0.00049375
3.548000000e-007,-0.00021796875
3.550000000e-007,0.000190625
3.552000000e-007,0.0001953125
3.554000000e-007,0.0004015625
3.556000000e-007,0.000209375
3.558000000e-007,0.00029296875
3.560000000e-007,0.00029921875
3.562000000e-007,0.0005015625
3.564000000e-007,0.0003046875
3.566000000e-007,0.000309375
3.568000000e-007,-0.0001125
3.570000000e-007,-0.0002859375
3.572000000e-007,-0.00060234375
3.574000000e-007,-0.00031640625
3.576000000e-007,-0.00030078125
3.578000000e-007,-0.00040078125
3.580000000e-007,-0.00017734375
3.582000000e-007,-7.8125e-007
3.584000000e-007,-0.00010625
3.586000000e-007,2.34375e-006
3.588000000e-007,0.0002
3.590000000e-007,-3.90625e-006
3.592000000e-007,-0.00020859375
3.594000000e-007,-0.00030078125
3.596000000e-007,-0.00029140625
3.598000000e-007,2.34375e-006
3.600000000e-007,-9.84375e-005
3.602000000e-007,0.00010390625
3.604000000e-007,-1.171875e-005
3.606000000e-007,9.453125e-005
3.608000000e-007,0.00040859375
3.610000000e-007,0.00069921875
3.612000000e-007,0.0004859375
3.614000000e-007,0.0003015625
3.616000000e-007,-3.125e-006
3.618000000e-007,0.0001015625
3.620000000e-007,-0.00020234375
3.622000000e-007,-0.0004109375
3.624000000e-007,0.0001171875
3.626000000e-007,0.00030390625
3.628000000e-007,0.00010078125
3.630000000e-007,0.00038359375
3.632000000e-007,0.00030703125
3.634000000e-007,0.00012734375
3.636000000e-007,-0.0001828125
3.638000000e-007,-0.00029765625
3.640000000e-007,-0.00030625
3.642000000e-007,-0.000209375
3.644000000e-007,-0.00011171875
3.646000000e-007,0.00010390625
3.648000000e-007,-9.21875e-005
3.650000000e-007,6.25e-006
3.652000000e-007,-0.00027421875
3.654000000e-007,-0.00023984375
3.656000000e-007,-3.828125e-005
3.658000000e-007,0.00012109375
3.660000000e-007,-9.296875e-005
3.662000000e-007,5.078125e-005
3.664000000e-007,0.0002890625
3.666000000e-007,0.000415625
3.668000000e-007,0.0003
3.670000000e-007,0.00041171875
3.672000000e-007,8.515625e-005
3.674000000e-007,-0.000178125
3.676000000e-007,-0.00050703125
3.678000000e-007,-0.000409375
3.680000000e-007,-0.00030078125
3.682000000e-007,-0.0002078125
3.684000000e-007,0.00022578125
3.686000000e-007,0.0001078125
3.688000000e-007,-7.8125e-007
3.690000000e-007,-2.22346149e-020
3.692000000e-007,1.015625e-005
3.694000000e-007,0.000196875
3.696000000e-007,0.000165625
3.698000000e-007,-0.00010703125
3.700000000e-007,-8.90625e-005
3.702000000e-007,0.00011875
3.704000000e-007,0.0005453125
3.706000000e-007,0.00049609375
3.708000000e-007,0.00035546875
3.710000000e-007,-2.34375e-005
3.712000000e-007,-0.000115625
3.714000000e-007,-0.00020703125
3.716000000e-007,-0.00037109375
3.718000000e-007,-0.00045859375
3.720000000e-007,-3.125e-006
3.722000000e-007,-3.59375e-005
3.724000000e-007,-0.000240625
3.726000000e-007,-0.0001703125
3.728000000e-007,0.00021640625
3.730000000e-007,0.0004984375
3.732000000e-007,0.00040390625
3.734000000e-007,0.000484375
3.736000000e-007,8.75e-005
3.738000000e-007,-8.984375e-005
3.740000000e-007,0.00013046875
3.742000000e-007,9.453125e-005
3.744000000e-007,0.00012421875
3.746000000e-007,0.000303125
3.748000000e-007,0.0002609375
3.750000000e-007,-0.00019609375
3.752000000e-007,-0.00040703125
3.754000000e-007,-0.00030546875
3.756000000e-007,-6.171875e-005
3.758000000e-007,0.0001984375
3.760000000e-007,8.90625e-005
3.762000000e-007,9.765625e-005
3.764000000e-007,9.765625e-005
3.766000000e-007,-6.640625e-005
3.768000000e-007,-0.00020859375
3.770000000e-007,-7.34375e-005
3.772000000e-007,-0.00040078125
3.774000000e-007,3.359375e-005
3.776000000e-007,1.015625e-005
3.778000000e-007,0.000178125
3.780000000e-007,-2.890625e-005
3.782000000e-007,-0.0002484375
3.784000000e-007,-0.0004203125
3.786000000e-007,-5.9375e-005
3.788000000e-007,0.00019921875
3.790000000e-007,0.000203125
3.792000000e-007,0.0001265625
3.794000000e-007,-7.03125e-005
3.796000000e-007,-3.984375e-005
3.798000000e-007,0.0003390625
3.800000000e-007,0.00050625
3.802000000e-007,0.000328125
3.804000000e-007,0.0002
3.806000000e-007,0.00020234375
3.808000000e-007,0.0001078125
3.810000000e-007,-7.8125e-006
3.812000000e-007,0.000196875
3.814000000e-007,0.00029375
3.816000000e-007,0.0004984375
3.818000000e-007,4.21875e-005
3.820000000e-007,-0.0001984375
3.822000000e-007,-0.0001
3.824000000e-007,-9.6875e-005
3.826000000e-007,9.921875e-005
3.828000000e-007,9.296875e-005
3.830000000e-007,-2.22346149e-020
3.832000000e-007,0.0001015625
3.834000000e-007,-3.125e-006
3.836000000e-007,9.375e-006
3.838000000e-007,9.921875e-005
3.840000000e-007,0.000128125
3.842000000e-007,0.00029609375
3.844000000e-007,5.15625e-005
3.846000000e-007,1.09375e-005
3.848000000e-007,0.0001109375
3.850000000e-007,0.0001015625
3.852000000e-007,7.1875e-005
3.854000000e-007,-0.00023828125
3.856000000e-007,-0.00021328125
3.858000000e-007,0.00021015625
3.860000000e-007,0.00011953125
3.862000000e-007,0.0004078125
3.864000000e-007,0.0001328125
3.866000000e-007,-0.00011640625
3.868000000e-007,-0.0002
3.870000000e-007,-8.671875e-005
3.872000000e-007,-7.8125e-006
3.874000000e-007,1.796875e-005
3.876000000e-007,0.000296875
3.878000000e-007,-2.34375e-005
3.880000000e-007,2.265625e-005
3.882000000e-007,-5.46875e-006
3.884000000e-007,-0.0001078125
3.886000000e-007,-0.0001
3.888000000e-007,-9.84375e-005
3.890000000e-007,-0.000103125
3.892000000e-007,-0.0002109375
3.894000000e-007,-0.0003
3.896000000e-007,-0.00029765625
3.898000000e-007,-0.00029921875
3.900000000e-007,-0.000403125
3.902000000e-007,-0.00031015625
3.904000000e-007,-0.0002
3.906000000e-007,-0.0003921875
3.908000000e-007,-0.000315625
3.910000000e-007,-2.22346149e-020
3.912000000e-007,-0.0001046875
3.914000000e-007,0.000240625
3.916000000e-007,0.00023984375
3.918000000e-007,0.0002046875
3.920000000e-007,0.00060390625
3.922000000e-007,0.00025703125
3.924000000e-007,0.0001953125
3.926000000e-007,9.375e-005
3.928000000e-007,0.0002921875
3.930000000e-007,0.00011796875
3.932000000e-007,0.0002734375
3.934000000e-007,0.00040625
3.936000000e-007,0.00023203125
3.938000000e-007,-8.90625e-005
3.940000000e-007,-9.140625e-005
3.942000000e-007,-0.00030625
3.944000000e-007,-8.59375e-006
3.946000000e-007,7.03125e-006
3.948000000e-007,2.34375e-006
3.950000000e-007,-0.00016875
3.952000000e-007,-0.00030625
3.954000000e-007,-0.0001125
3.956000000e-007,-0.0001
3.958000000e-007,-1.328125e-005
3.960000000e-007,0.00019453125
3.962000000e-007,0.000203125
3.964000000e-007,0.000203125
3.966000000e-007,0.0003
3.968000000e-007,0.00019375
3.970000000e-007,0.00019453125
3.972000000e-007,0.0001984375
3.974000000e-007,-9.6875e-005
3.976000000e-007,-0.0001015625
3.978000000e-007,-0.0002
3.980000000e-007,-8.828125e-005
3.982000000e-007,-7.8125e-007
3.984000000e-007,5.46875e-006
3.986000000e-007,0.00020078125
3.988000000e-007,9.53125e-005
3.990000000e-007,9.6875e-005
3.992000000e-007,-0.00010546875
3.994000000e-007,-9.6875e-005
3.996000000e-007,-0.0001125
3.998000000e-007,-0.0003046875
4.000000000e-007,-0.00029453125
4.002000000e-007,-0.00039453125
4.004000000e-007,-0.000596875
4.006000000e-007,-0.00020234375
4.008000000e-007,1.328125e-005
4.010000000e-007,0.00019921875
4.012000000e-007,9.53125e-005
4.014000000e-007,9.375e-005
4.016000000e-007,0.0002
4.018000000e-007,0.000115625
4.020000000e-007,-0.00019921875
4.022000000e-007,9.6875e-005
4.024000000e-007,-0.000109375
4.026000000e-007,-2.65625e-005
4.028000000e-007,0.00019765625
4.030000000e-007,0.00012421875
4.032000000e-007,-9.21875e-005
4.034000000e-007,-0.0001078125
4.036000000e-007,-1.171875e-005
4.038000000e-007,9.453125e-005
4.040000000e-007,0.0001015625
4.042000000e-007,2.03125e-005
4.044000000e-007,-0.000253125
4.046000000e-007,-0.0006
4.048000000e-007,-0.000259375
4.050000000e-007,0.0001765625
4.052000000e-007,0.00013125
4.054000000e-007,-0.00011171875
4.056000000e-007,-0.0005828125
4.058000000e-007,-0.0004609375
4.060000000e-007,-0.00011796875
4.062000000e-007,0.00011015625
4.064000000e-007,7.8125e-007
4.066000000e-007,0.00026875
4.068000000e-007,0.00029453125
4.070000000e-007,0.0001234375
4.072000000e-007,-0.00032109375
4.074000000e-007,-0.0006015625
4.076000000e-007,-0.000384375
4.078000000e-007,-0.00010625
4.080000000e-007,0.0001109375
4.082000000e-007,0.0001
4.084000000e-007,-2.578125e-005
4.086000000e-007,-0.0002
4.088000000e-007,0.0002640625
4.090000000e-007,0.0006
4.092000000e-007,0.00050625
4.094000000e-007,0.00059140625
4.096000000e-007,0.00027578125
4.098000000e-007,0.00040078125
4.100000000e-007,0.00027578125
4.102000000e-007,0.00030703125
4.104000000e-007,0.00027421875
4.106000000e-007,9.765625e-005
4.108000000e-007,6.015625e-005
4.110000000e-007,-8.59375e-005
4.112000000e-007,0.000109375
4.114000000e-007,-0.000140625
4.116000000e-007,-0.00018046875
4.118000000e-007,-9.609375e-005
4.120000000e-007,-8.203125e-005
4.122000000e-007,3.125e-006
4.124000000e-007,0.00019296875
4.126000000e-007,0.00049921875
4.128000000e-007,0.00022734375
4.130000000e-007,0.00020390625
4.132000000e-007,0.00017734375
4.134000000e-007,-1.875e-005
4.136000000e-007,-0.00022890625
4.138000000e-007,-5.46875e-005
4.140000000e-007,0.0004828125
4.142000000e-007,0.000603125
4.144000000e-007,0.000684375
4.146000000e-007,0.00020625
4.148000000e-007,-0.00022421875
4.150000000e-007,-9.375e-006
4.152000000e-007,0.00035
4.154000000e-007,0.00060859375
4.156000000e-007,0.000275
4.158000000e-007,0.0002953125
4.160000000e-007,0.000296875
4.162000000e-007,0.000125
4.164000000e-007,8.515625e-005
4.166000000e-007,0.00030703125
4.168000000e-007,2.34375e-005
4.170000000e-007,-2.5e-005
4.172000000e-007,8.59375e-006
4.174000000e-007,-9.84375e-005
4.176000000e-007,-2.265625e-005
4.178000000e-007,6.875e-005
4.180000000e-007,0.00023984375
4.182000000e-007,0.0004734375
4.184000000e-007,0.00048828125
4.186000000e-007,0.0005453125
4.188000000e-007,0.000225
4.190000000e-007,0.000371875
4.192000000e-007,0.000296875
4.194000000e-007,0.000575
4.196000000e-007,0.0004171875
4.198000000e-007,0.00041484375
4.200000000e-007,0.00011015625
4.202000000e-007,2.578125e-005
4.204000000e-007,-0.0002984375
4.206000000e-007,-2.03125e-005
4.208000000e-007,-2.22346149e-020
4.210000000e-007,9.765625e-005
4.212000000e-007,0.000103125
4.214000000e-007,0.0003078125
4.216000000e-007,9.921875e-005
4.218000000e-007,0.00048984375
4.220000000e-007,0.00070390625
4.222000000e-007,0.00070078125
4.224000000e-007,0.00050234375
4.226000000e-007,0.00069765625
4.228000000e-007,0.00036171875
4.230000000e-007,-6.25e-006
4.232000000e-007,-0.0002296875
4.234000000e-007,-0.00049765625
4.236000000e-007,-0.0001171875
4.238000000e-007,0.0001
4.240000000e-007,-2.5e-005
4.242000000e-007,1.640625e-005
4.244000000e-007,7.109375e-005
4.246000000e-007,2.65625e-005
4.248000000e-007,0.00030546875
4.250000000e-007,9.6875e-005
4.252000000e-007,0.000203125
4.254000000e-007,0.0001
4.256000000e-007,0.000221875
4.258000000e-007,6.484375e-005
4.260000000e-007,-8.28125e-005
4.262000000e-007,0.0001
4.264000000e-007,3.90625e-006
4.266000000e-007,0.00021015625
4.268000000e-007,0.00019375
4.270000000e-007,8.90625e-005
4.272000000e-007,1.875e-005
4.274000000e-007,0.0002015625
4.276000000e-007,8.515625e-005
4.278000000e-007,9.609375e-005
4.280000000e-007,7.03125e-006
4.282000000e-007,0.00020390625
4.284000000e-007,0.00018984375
4.286000000e-007,0.00020546875
4.288000000e-007,0.00029140625
4.290000000e-007,-0.0002078125
4.292000000e-007,-0.000809375
4.294000000e-007,-0.000603125
4.296000000e-007,-0.00038984375
4.298000000e-007,-0.0001078125
4.300000000e-007,-0.0001
4.302000000e-007,-0.00011328125
4.304000000e-007,0.00019375
4.306000000e-007,0.0001171875
4.308000000e-007,0.000103125
4.310000000e-007,-0.00012265625
4.312000000e-007,-0.00039609375
4.314000000e-007,-0.00025546875
4.316000000e-007,-0.00010859375
4.318000000e-007,-2.890625e-005
4.320000000e-007,0.00019140625
4.322000000e-007,0.00018046875
4.324000000e-007,0.00039296875
4.326000000e-007,0.00028671875
4.328000000e-007,0.00058515625
4.330000000e-007,0.00036484375
4.332000000e-007,1.171875e-005
4.334000000e-007,-0.000153125
4.336000000e-007,-0.0006765625
4.338000000e-007,-0.000565625
4.340000000e-007,-1.484375e-005
4.342000000e-007,0.000203125
4.344000000e-007,0.00010546875
4.346000000e-007,1.640625e-005
4.348000000e-007,-1.40625e-005
4.350000000e-007,0.0003765625
4.352000000e-007,0.0004015625
4.354000000e-007,0.000303125
4.356000000e-007,0.0002078125
4.358000000e-007,-8.671875e-005
4.360000000e-007,-0.00020078125
4.362000000e-007,-0.0002
4.364000000e-007,-0.00020078125
4.366000000e-007,-0.0002
4.368000000e-007,-0.0002
4.370000000e-007,-0.0001984375
4.372000000e-007,-0.00018203125
4.374000000e-007,0.00020390625
4.376000000e-007,0.00019375
4.378000000e-007,9.84375e-005
4.380000000e-007,-0.00010234375
4.382000000e-007,-0.0001015625
4.384000000e-007,-0.00030234375
4.386000000e-007,-9.765625e-005
4.388000000e-007,-0.0001015625
4.390000000e-007,-0.000103125
4.392000000e-007,-0.00020234375
4.394000000e-007,-9.609375e-005
4.396000000e-007,-0.00012734375
4.398000000e-007,-0.0004015625
4.400000000e-007,-0.0001984375
4.402000000e-007,-0.00030078125
4.404000000e-007,2.578125e-005
4.406000000e-007,0.0001
4.408000000e-007,3.90625e-006
4.410000000e-007,0.00020390625
4.412000000e-007,-0.0001015625
4.414000000e-007,-0.0001984375
4.416000000e-007,-0.00030234375
4.418000000e-007,-0.000209375
4.420000000e-007,0.0002125
4.422000000e-007,0.00039296875
4.424000000e-007,0.000403125
4.426000000e-007,0.00021328125
4.428000000e-007,0.0001984375
4.430000000e-007,0.0001234375
4.432000000e-007,-9.21875e-005
4.434000000e-007,-9.375e-005
4.436000000e-007,-0.0002875
4.438000000e-007,-0.00033203125
4.440000000e-007,-1.5625e-005
4.442000000e-007,-2.03125e-005
4.444000000e-007,0.0002828125
4.446000000e-007,0.0002015625
4.448000000e-007,0.00038125
4.450000000e-007,0.00024375
4.452000000e-007,0.0001921875
4.454000000e-007,0.00030390625
4.456000000e-007,0.00020546875
4.458000000e-007,0.00013515625
4.460000000e-007,-0.00010078125
4.462000000e-007,-2.8125e-005
4.464000000e-007,9.921875e-005
4.466000000e-007,7.03125e-006
4.468000000e-007,-0.000109375
4.470000000e-007,-0.000390625
4.472000000e-007,-0.0003875
4.474000000e-007,-8.59375e-006
4.476000000e-007,0.00019921875
4.478000000e-007,0.0001
4.480000000e-007,8.4375e-005
4.482000000e-007,-0.0001
4.484000000e-007,-1.015625e-005
4.486000000e-007,-0.00010703125
4.488000000e-007,0.0004625
4.490000000e-007,0.00038984375
4.492000000e-007,0.00029296875
4.494000000e-007,0.00030390625
4.496000000e-007,0.00041640625
4.498000000e-007,0.00039140625
4.500000000e-007,0.00015234375
4.502000000e-007,1.09375e-005
4.504000000e-007,3.75e-005
4.506000000e-007,-0.0004265625
4.508000000e-007,-0.0002046875
4.510000000e-007,0.0001484375
4.512000000e-007,0.00013046875
4.514000000e-007,-0.0002421875
4.516000000e-007,-0.00011015625
4.518000000e-007,9.53125e-005
4.520000000e-007,-0.00016875
4.522000000e-007,-0.0001640625
4.524000000e-007,0.00020390625
4.526000000e-007,0.00014140625
4.528000000e-007,-0.00021796875
4.530000000e-007,8.59375e-006
4.532000000e-007,1.09375e-005
4.534000000e-007,9.453125e-005
4.536000000e-007,2.34375e-005
4.538000000e-007,0.0004078125
4.540000000e-007,0.00048359375
4.542000000e-007,0.00010546875
4.544000000e-007,-0.00030859375
4.546000000e-007,-0.00010078125
4.548000000e-007,-0.0003125
4.550000000e-007,-0.000109375
4.552000000e-007,-0.0001046875
4.554000000e-007,-0.0001
4.556000000e-007,-9.765625e-005
4.558000000e-007,8.59375e-005
4.560000000e-007,0.0001
4.562000000e-007,0.0001140625
4.564000000e-007,-4.6875e-006
4.566000000e-007,0.00025859375
4.568000000e-007,0.00014609375
4.570000000e-007,-0.0003125
4.572000000e-007,2.109375e-005
4.574000000e-007,0.0001390625
4.576000000e-007,8.984375e-005
4.578000000e-007,6.25e-005
4.580000000e-007,-0.00014453125
4.582000000e-007,-0.00026796875
4.584000000e-007,-0.00046484375
4.586000000e-007,-0.00066484375
4.588000000e-007,-0.000659375
4.590000000e-007,-2.22346149e-020
4.592000000e-007,0.00028828125
4.594000000e-007,0.0004234375
4.596000000e-007,1.484375e-005
4.598000000e-007,-9.296875e-005
4.600000000e-007,-0.000290625
4.602000000e-007,-0.00031796875
4.604000000e-007,-0.0001015625
4.606000000e-007,-0.0002
4.608000000e-007,-0.00010078125
4.610000000e-007,-0.00029296875
4.612000000e-007,-0.0002
4.614000000e-007,-1.015625e-005
4.616000000e-007,0.00050546875
4.618000000e-007,0.00020234375
4.620000000e-007,-0.000103125
4.622000000e-007,-9.921875e-005
4.624000000e-007,-8.828125e-005
4.626000000e-007,0.00010078125
4.628000000e-007,0.0001171875
4.630000000e-007,0.0002859375
4.632000000e-007,2.34375e-006
4.634000000e-007,0.00031015625
4.636000000e-007,4.0625e-005
4.638000000e-007,-0.0001109375
4.640000000e-007,-0.0002125
4.642000000e-007,-0.0001984375
4.644000000e-007,-0.0002125
4.646000000e-007,-0.00018359375
4.648000000e-007,3.984375e-005
4.650000000e-007,-3.671875e-005
4.652000000e-007,-0.00018203125
4.654000000e-007,-2.34375e-006
4.656000000e-007,-9.21875e-005
4.658000000e-007,-1.484375e-005
4.660000000e-007,-0.0001859375
4.662000000e-007,0.00022734375
4.664000000e-007,0.00028828125
4.666000000e-007,0.0002
4.668000000e-007,0.00017890625
4.670000000e-007,-6.25e-006
4.672000000e-007,0.0001453125
4.674000000e-007,0.00030234375
4.676000000e-007,0.00028359375
4.678000000e-007,9.375e-005
4.680000000e-007,-0.0001265625
4.682000000e-007,-0.0003078125
4.684000000e-007,-0.0002765625
4.686000000e-007,-0.00010234375
4.688000000e-007,-0.0004
4.690000000e-007,-0.00019921875
4.692000000e-007,-0.00060703125
4.694000000e-007,-0.00030625
4.696000000e-007,-0.0004
4.698000000e-007,-1.875e-005
4.700000000e-007,6.25e-006
4.702000000e-007,-7.734375e-005
4.704000000e-007,-0.00020390625
4.706000000e-007,-7.34375e-005
4.708000000e-007,-0.00031171875
4.710000000e-007,0.0001109375
4.712000000e-007,0.0001390625
4.714000000e-007,0.00010234375
4.716000000e-007,4.6875e-006
4.718000000e-007,9.0625e-005
4.720000000e-007,8.828125e-005
4.722000000e-007,0.00028828125
4.724000000e-007,0.000128125
4.726000000e-007,-2.34375e-005
4.728000000e-007,0.00019765625
4.730000000e-007,1.484375e-005
4.732000000e-007,8.59375e-006
4.734000000e-007,-0.0002875
4.736000000e-007,-1.71875e-005
4.738000000e-007,0.0003859375
4.740000000e-007,0.0004015625
4.742000000e-007,0.0003375
4.744000000e-007,-8.28125e-005
4.746000000e-007,-0.00018203125
4.748000000e-007,-0.000303125
4.750000000e-007,0.0004828125
4.752000000e-007,0.0001171875
4.754000000e-007,4.6875e-006
4.756000000e-007,-0.00031328125
4.758000000e-007,-0.0003171875
4.760000000e-007,0.00010390625
4.762000000e-007,-9.921875e-005
4.764000000e-007,0.0001
4.766000000e-007,-9.609375e-005
4.768000000e-007,-8.828125e-005
4.770000000e-007,0.00010234375
4.772000000e-007,8.984375e-005
4.774000000e-007,-0.0001
4.776000000e-007,-0.0003140625
4.778000000e-007,-0.0007015625
4.780000000e-007,-0.00047734375
4.782000000e-007,-0.00029765625
4.784000000e-007,-0.0001953125
4.786000000e-007,-0.00010078125
4.788000000e-007,-0.0002015625
4.790000000e-007,-9.609375e-005
4.792000000e-007,1.5625e-005
4.794000000e-007,0.0001984375
4.796000000e-007,9.609375e-005
4.798000000e-007,-2.22346149e-020
4.800000000e-007,0.0001125
4.802000000e-007,0.0002
4.804000000e-007,-7.03125e-006
4.806000000e-007,-0.0002734375
4.808000000e-007,-0.0006
4.810000000e-007,-0.0002125
4.812000000e-007,-9.375e-005
4.814000000e-007,0.00028828125
4.816000000e-007,0.000396875
4.818000000e-007,0.0002203125
4.820000000e-007,9.84375e-005
4.822000000e-007,0.00013359375
4.824000000e-007,-0.0002890625
4.826000000e-007,-0.00011015625
4.828000000e-007,-0.00028515625
4.830000000e-007,-0.00021328125
4.832000000e-007,-0.00020078125
4.834000000e-007,-3.046875e-005
4.836000000e-007,0.0001078125
4.838000000e-007,-9.375e-006
4.840000000e-007,0.00011171875
4.842000000e-007,-0.00019921875
4.844000000e-007,0.0001421875
4.846000000e-007,1.484375e-005
4.848000000e-007,-0.00040234375
4.850000000e-007,-5.546875e-005
4.852000000e-007,9.375e-005
4.854000000e-007,0.00043125
4.856000000e-007,0.00070078125
4.858000000e-007,0.00082890625
4.860000000e-007,0.00038203125
4.862000000e-007,3.203125e-005
4.864000000e-007,-0.00040546875
4.866000000e-007,-0.0002046875
4.868000000e-007,-0.000184375
4.870000000e-007,0.000296875
4.872000000e-007,0.00021484375
4.874000000e-007,0.0006015625
4.876000000e-007,0.00016015625
4.878000000e-007,0.0001
4.880000000e-007,9.375e-006
4.882000000e-007,0.00020078125
4.884000000e-007,0.0001203125
4.886000000e-007,0.00040078125
4.888000000e-007,0.00016875
4.890000000e-007,0.0002
4.892000000e-007,6.796875e-005
4.894000000e-007,1.5625e-006
4.896000000e-007,0.00026640625
4.898000000e-007,0.00047734375
4.900000000e-007,3.28125e-005
4.902000000e-007,0.0001171875
4.904000000e-007,0.00024140625
4.906000000e-007,0.000265625
4.908000000e-007,-7.65625e-005
4.910000000e-007,-0.00022578125
4.912000000e-007,-0.0004828125
4.914000000e-007,-0.0005796875
4.916000000e-007,-0.0001859375
4.918000000e-007,-2.65625e-005
4.920000000e-007,-0.00019921875
4.922000000e-007,-0.0001265625
4.924000000e-007,-0.00044296875
4.926000000e-007,-0.00027890625
4.928000000e-007,-6.09375e-005
4.930000000e-007,0.0003546875
4.932000000e-007,0.0008375
4.934000000e-007,0.0003828125
4.936000000e-007,-0.0001359375
4.938000000e-007,-0.0002
4.940000000e-007,-0.0003
4.942000000e-007,-1.09375e-005
4.944000000e-007,0.00044375
4.946000000e-007,0.0006015625
4.948000000e-007,0.0004828125
4.950000000e-007,0.000209375
4.952000000e-007,-0.00010390625
4.954000000e-007,-0.0001703125
4.956000000e-007,-0.0004875
4.958000000e-007,-0.00050625
4.960000000e-007,-0.00050703125
4.962000000e-007,-0.00026796875
4.964000000e-007,-8.75e-005
4.966000000e-007,-0.0003125
4.968000000e-007,9.375e-006
4.970000000e-007,0.00025703125
4.972000000e-007,2.109375e-005
4.974000000e-007,0.0001015625
4.976000000e-007,-5.46875e-005
4.978000000e-007,-6.875e-005
4.980000000e-007,-0.00037109375
4.982000000e-007,-0.00018671875
4.984000000e-007,6.09375e-005
4.986000000e-007,0.00033046875
4.988000000e-007,-0.0001671875
4.990000000e-007,-0.0001234375
4.992000000e-007,-0.0001921875
4.994000000e-007,-0.0002140625
4.996000000e-007,-0.0001015625
4.998000000e-007,-0.0001890625
5.000000000e-007,-0.000203125
5.002000000e-007,9.21875e-005
5.004000000e-007,9.765625e-005
5.006000000e-007,-9.6875e-005
5.008000000e-007,-0.00010078125
5.010000000e-007,-0.00029609375
5.012000000e-007,-0.00018984375
5.014000000e-007,9.921875e-005
5.016000000e-007,-1.640625e-005
5.018000000e-007,-9.21875e-005
5.020000000e-007,0.00041328125
5.022000000e-007,0.00019609375
5.024000000e-007,0.000440625
5.026000000e-007,0.00057578125
5.028000000e-007,0.0001953125
5.030000000e-007,0.0003796875
5.032000000e-007,-3.4375e-005
5.034000000e-007,9.921875e-005
5.036000000e-007,-0.00015
5.038000000e-007,-0.00021015625
5.040000000e-007,-0.0003078125
5.042000000e-007,-0.00030625
5.044000000e-007,-0.00025546875
5.046000000e-007,1.875e-005
5.048000000e-007,-1.015625e-005
5.050000000e-007,0.000128125
5.052000000e-007,0.00031328125
5.054000000e-007,0.00030234375
5.056000000e-007,0.00042578125
5.058000000e-007,0.00038125
5.060000000e-007,-4.53125e-005
5.062000000e-007,-0.00029921875
5.064000000e-007,-4.0625e-005
5.066000000e-007,0.00020625
5.068000000e-007,4.84375e-005
5.070000000e-007,-9.765625e-005
5.072000000e-007,5.46875e-006
5.074000000e-007,-0.0001046875
5.076000000e-007,-7.8125e-005
5.078000000e-007,-9.375e-006
5.080000000e-007,-0.00031328125
5.082000000e-007,-0.00019765625
5.084000000e-007,-0.0002078125
5.086000000e-007,-0.0003984375
5.088000000e-007,-0.000496875
5.090000000e-007,-0.000396875
5.092000000e-007,-0.0004
5.094000000e-007,8.515625e-005
5.096000000e-007,6.25e-006
5.098000000e-007,1.71875e-005
5.100000000e-007,-0.00019453125
5.102000000e-007,-2.8125e-005
5.104000000e-007,4.21875e-005
5.106000000e-007,0.00055859375
5.108000000e-007,0.0003609375
5.110000000e-007,0.00031015625
5.112000000e-007,-4.609375e-005
5.114000000e-007,-0.00024609375
5.116000000e-007,0.00016328125
5.118000000e-007,0.00022109375
5.120000000e-007,0.0001109375
5.122000000e-007,-4.6875e-006
5.124000000e-007,0.00017421875
5.126000000e-007,0.0003078125
5.128000000e-007,0.0001171875
5.130000000e-007,-0.00016171875
5.132000000e-007,-0.0003078125
5.134000000e-007,9.921875e-005
5.136000000e-007,-0.00019375
5.138000000e-007,9.375e-006
5.140000000e-007,-0.00029921875
5.142000000e-007,8.671875e-005
5.144000000e-007,-9.921875e-005
5.146000000e-007,0.00028359375
5.148000000e-007,0.00020625
5.150000000e-007,0.0001109375
5.152000000e-007,-0.00020859375
5.154000000e-007,-0.000115625
5.156000000e-007,0.0003171875
5.158000000e-007,0.00049765625
5.160000000e-007,0.0003984375
5.162000000e-007,0.000103125
5.164000000e-007,-1.328125e-005
5.166000000e-007,-0.0002
5.168000000e-007,-9.453125e-005
5.170000000e-007,-0.0001
5.172000000e-007,-0.00010546875
5.174000000e-007,-0.00030078125
5.176000000e-007,-7.578125e-005
5.178000000e-007,-4.6875e-006
5.180000000e-007,-0.00030390625
5.182000000e-007,-0.00019375
5.184000000e-007,-0.00021015625
5.186000000e-007,-0.00030078125
5.188000000e-007,-0.000175
5.190000000e-007,7.8125e-007
5.192000000e-007,-0.000203125
5.194000000e-007,-0.0001015625
5.196000000e-007,0.00010390625
5.198000000e-007,9.921875e-005
5.200000000e-007,0.00019765625
5.202000000e-007,-8.671875e-005
5.204000000e-007,1.5625e-006
5.206000000e-007,0.000396875
5.208000000e-007,0.00030078125
5.210000000e-007,0.00059453125
5.212000000e-007,0.0003828125
5.214000000e-007,-6.5625e-005
5.216000000e-007,-0.00029765625
5.218000000e-007,-0.00036328125
5.220000000e-007,-0.000703125
5.222000000e-007,-0.0003265625
5.224000000e-007,-0.00047265625
5.226000000e-007,-0.0005171875
5.228000000e-007,-0.00031484375
5.230000000e-007,-1.953125e-005
5.232000000e-007,3.90625e-006
5.234000000e-007,3.125e-006
5.236000000e-007,-8.671875e-005
5.238000000e-007,-0.00018828125
5.240000000e-007,-0.00021015625
5.242000000e-007,-5.859375e-005
5.244000000e-007,0.0001953125
5.246000000e-007,3.828125e-005
5.248000000e-007,-1.328125e-005
5.250000000e-007,0.0002796875
5.252000000e-007,0.00019921875
5.254000000e-007,0.00010703125
5.256000000e-007,-6.25e-006
5.258000000e-007,-0.0001890625
5.260000000e-007,-0.00029921875
5.262000000e-007,-0.00020546875
5.264000000e-007,2.5e-005
5.266000000e-007,0.00049609375
5.268000000e-007,0.00024609375
5.270000000e-007,-0.0001890625
5.272000000e-007,-0.0004171875
5.274000000e-007,-0.00050078125
5.276000000e-007,-0.000265625
5.278000000e-007,-9.921875e-005
5.280000000e-007,-0.0002
5.282000000e-007,-0.0001
5.284000000e-007,-0.00021171875
5.286000000e-007,-0.00020234375
5.288000000e-007,-0.00014140625
5.290000000e-007,0.000203125
5.292000000e-007,0.000109375
5.294000000e-007,0.00017265625
5.296000000e-007,-0.00025078125
5.298000000e-007,-7.96875e-005
5.300000000e-007,3.75e-005
5.302000000e-007,6.875e-005
5.304000000e-007,-8.90625e-005
5.306000000e-007,0.0001125
5.308000000e-007,0.00013046875
5.310000000e-007,0.00016796875
5.312000000e-007,2.8125e-005
5.314000000e-007,0.00031875
5.316000000e-007,0.0001203125
5.318000000e-007,-7.8125e-007
5.320000000e-007,-2.1875e-005
5.322000000e-007,-9.140625e-005
5.324000000e-007,0.00014375
5.326000000e-007,0.00019375
5.328000000e-007,6.796875e-005
5.330000000e-007,-2.22346149e-020
5.332000000e-007,-1.09375e-005
5.334000000e-007,-0.00019765625
5.336000000e-007,-0.0002875
5.338000000e-007,-0.000103125
5.340000000e-007,-0.000103125
5.342000000e-007,-9.921875e-005
5.344000000e-007,-8.90625e-005
5.346000000e-007,-8.828125e-005
5.348000000e-007,-0.0006015625
5.350000000e-007,-0.00022265625
5.352000000e-007,-0.00039140625
5.354000000e-007,-0.00014453125
5.356000000e-007,7.578125e-005
5.358000000e-007,0.0006125
5.360000000e-007,0.00072578125
5.362000000e-007,0.00032890625
5.364000000e-007,-6.875e-005
5.366000000e-007,-5.546875e-005
5.368000000e-007,0.00013671875
5.370000000e-007,0.00039453125
5.372000000e-007,0.000259375
5.374000000e-007,0.00019140625
5.376000000e-007,0.0001296875
5.378000000e-007,-7.96875e-005
5.380000000e-007,-3.125e-005
5.382000000e-007,0.00012109375
5.384000000e-007,-9.6875e-005
5.386000000e-007,1.484375e-005
5.388000000e-007,-0.00029453125
5.390000000e-007,-3.4375e-005
5.392000000e-007,-8.28125e-005
5.394000000e-007,-0.00040078125
5.396000000e-007,-0.00010703125
5.398000000e-007,0.00019453125
5.400000000e-007,0.0003015625
5.402000000e-007,0.0001359375
5.404000000e-007,-0.00030078125
5.406000000e-007,-0.00029765625
5.408000000e-007,-0.00039453125
5.410000000e-007,-1.5625e-006
5.412000000e-007,-0.00011484375
5.414000000e-007,-0.00019609375
5.416000000e-007,0.0001203125
5.418000000e-007,0.0002
5.420000000e-007,0.0002
5.422000000e-007,0.0002015625
5.424000000e-007,0.0001765625
5.426000000e-007,-1.484375e-005
5.428000000e-007,-0.000134375
5.430000000e-007,-0.00030078125
5.432000000e-007,-0.00015625
5.434000000e-007,-0.0001078125
5.436000000e-007,-0.00022109375
5.438000000e-007,-0.0003171875
5.440000000e-007,-0.00021640625
5.442000000e-007,0.00021953125
5.444000000e-007,0.0002421875
5.446000000e-007,0.00049609375
5.448000000e-007,0.000284375
5.450000000e-007,0.00040234375
5.452000000e-007,0.000278125
5.454000000e-007,0.00018984375
5.456000000e-007,-2.5e-005
5.458000000e-007,-0.000203125
5.460000000e-007,-5.46875e-005
5.462000000e-007,0.0002171875
5.464000000e-007,0.00016640625
5.466000000e-007,0.00010703125
5.468000000e-007,0.00030703125
5.470000000e-007,9.296875e-005
5.472000000e-007,-0.00012890625
5.474000000e-007,-0.00018984375
5.476000000e-007,0.00023671875
5.478000000e-007,0.00039765625
5.480000000e-007,0.00029765625
5.482000000e-007,0.00039765625
5.484000000e-007,0.000390625
5.486000000e-007,0.00010859375
5.488000000e-007,0.0001
5.490000000e-007,0.0001953125
5.492000000e-007,0.0002984375
5.494000000e-007,0.00024140625
5.496000000e-007,-8.046875e-005
5.498000000e-007,-0.000190625
5.500000000e-007,-0.00022109375
5.502000000e-007,-6.5625e-005
5.504000000e-007,-0.0003703125
5.506000000e-007,-0.00029453125
5.508000000e-007,-0.000575
5.510000000e-007,-0.00031640625
5.512000000e-007,0.0003390625
5.514000000e-007,0.00069375
5.516000000e-007,0.00061015625
5.518000000e-007,0.0004625
5.520000000e-007,-0.0001625
5.522000000e-007,-0.00020546875
5.524000000e-007,-0.0004671875
5.526000000e-007,-0.00073828125
5.528000000e-007,-0.00011953125
5.530000000e-007,0.0001015625
5.532000000e-007,0.000190625
5.534000000e-007,0.00023984375
5.536000000e-007,-0.00018671875
5.538000000e-007,-0.000103125
5.540000000e-007,-0.0002
5.542000000e-007,-9.609375e-005
5.544000000e-007,-0.0003921875
5.546000000e-007,-0.0003140625
5.548000000e-007,-9.53125e-005
5.550000000e-007,-6.25e-006
5.552000000e-007,9.765625e-005
5.554000000e-007,7.890625e-005
5.556000000e-007,0.00050078125
5.558000000e-007,0.000303125
5.560000000e-007,0.000296875
5.562000000e-007,9.6875e-005
5.564000000e-007,0.00011015625
5.566000000e-007,0.0002
5.568000000e-007,9.921875e-005
5.570000000e-007,9.84375e-005
5.572000000e-007,-0.00010390625
5.574000000e-007,-2.22346149e-020
5.576000000e-007,-0.00010078125
5.578000000e-007,1.5625e-006
5.580000000e-007,-0.0001140625
5.582000000e-007,-0.00020078125
5.584000000e-007,-0.00020078125
5.586000000e-007,-0.00010625
5.588000000e-007,0.000203125
5.590000000e-007,0.00019921875
5.592000000e-007,0.00040703125
5.594000000e-007,0.00030078125
5.596000000e-007,0.000190625
5.598000000e-007,-0.0001921875
5.600000000e-007,1.5625e-006
5.602000000e-007,0.0002
5.604000000e-007,0.00020390625
5.606000000e-007,0.00039921875
5.608000000e-007,8.203125e-005
5.610000000e-007,-0.0002046875
5.612000000e-007,-4.6875e-006
5.614000000e-007,-6.875e-005
5.616000000e-007,-0.0002171875
5.618000000e-007,0.0001828125
5.620000000e-007,2.34375e-005
5.622000000e-007,-3.90625e-006
5.624000000e-007,-9.21875e-005
5.626000000e-007,-0.00018984375
5.628000000e-007,-0.00021640625
5.630000000e-007,5.625e-005
5.632000000e-007,0.0002828125
5.634000000e-007,0.00046484375
5.636000000e-007,0.00053828125
5.638000000e-007,0.0001109375
5.640000000e-007,-0.0002921875
5.642000000e-007,-0.0002125
5.644000000e-007,-0.0002015625
5.646000000e-007,-2.8125e-005
5.648000000e-007,0.0001015625
5.650000000e-007,0.00039765625
5.652000000e-007,0.0001921875
5.654000000e-007,0.0001125
5.656000000e-007,-0.00010078125
5.658000000e-007,6.25e-006
5.660000000e-007,-0.00019140625
5.662000000e-007,0.000390625
5.664000000e-007,0.00049453125
5.666000000e-007,0.0005015625
5.668000000e-007,0.00026484375
5.670000000e-007,-2.22346149e-020
5.672000000e-007,0.0001171875
5.674000000e-007,0.0001984375
5.676000000e-007,0.00018359375
5.678000000e-007,-7.8125e-006
5.680000000e-007,-0.0001078125
5.682000000e-007,-9.6875e-005
5.684000000e-007,3.359375e-005
5.686000000e-007,0.00033515625
5.688000000e-007,0.000734375
5.690000000e-007,0.0008
5.692000000e-007,0.0007921875
5.694000000e-007,0.000553125
5.696000000e-007,0.00029453125
5.698000000e-007,0.00038671875
5.700000000e-007,0.0001484375
5.702000000e-007,8.515625e-005
5.704000000e-007,-1.875e-005
5.706000000e-007,9.375e-006
5.708000000e-007,0.00015
5.710000000e-007,0.0004515625
5.712000000e-007,0.0005953125
5.714000000e-007,0.0003578125
5.716000000e-007,7.03125e-006
5.718000000e-007,-0.00019296875
5.720000000e-007,3.828125e-005
5.722000000e-007,0.00010703125
5.724000000e-007,0.00023203125
5.726000000e-007,0.00051015625
5.728000000e-007,0.000665625
5.730000000e-007,6.25e-006
5.732000000e-007,-0.00015703125
5.734000000e-007,0.00019765625
5.736000000e-007,0.000115625
5.738000000e-007,0.00049453125
5.740000000e-007,0.00027890625
5.742000000e-007,0.0002984375
5.744000000e-007,0.000196875
5.746000000e-007,0.0001046875
5.748000000e-007,9.765625e-005
5.750000000e-007,0.00017890625
5.752000000e-007,0.00038203125
5.754000000e-007,0.00052265625
5.756000000e-007,0.00031640625
5.758000000e-007,0.00024453125
5.760000000e-007,-4.375e-005
5.762000000e-007,-6.015625e-005
5.764000000e-007,0.0005796875
5.766000000e-007,0.00080234375
5.768000000e-007,0.00083125
5.770000000e-007,0.00053359375
5.772000000e-007,5.703125e-005
5.774000000e-007,-0.00021640625
5.776000000e-007,-2.109375e-005
5.778000000e-007,-7.34375e-005
5.780000000e-007,-0.00011015625
5.782000000e-007,-7.265625e-005
5.784000000e-007,-0.00030078125
5.786000000e-007,-2.109375e-005
5.788000000e-007,-9.21875e-005
5.790000000e-007,-0.0001828125
5.792000000e-007,-0.0004015625
5.794000000e-007,-0.000103125
5.796000000e-007,-0.0003
5.798000000e-007,5.390625e-005
5.800000000e-007,0.000296875
5.802000000e-007,-9.609375e-005
5.804000000e-007,2.34375e-006
5.806000000e-007,-9.921875e-005
5.808000000e-007,-0.00021328125
5.810000000e-007,-0.00029140625
5.812000000e-007,0.00031328125
5.814000000e-007,-4.6875e-006
5.816000000e-007,0.00010859375
5.818000000e-007,0.00011171875
5.820000000e-007,0.00045859375
5.822000000e-007,0.000471875
5.824000000e-007,0.0001546875
5.826000000e-007,0.0001046875
5.828000000e-007,8.671875e-005
5.830000000e-007,-0.00013515625
5.832000000e-007,-0.000446875
5.834000000e-007,-0.00050234375
5.836000000e-007,-0.00048359375
5.838000000e-007,-0.00025703125
5.840000000e-007,6.796875e-005
5.842000000e-007,0.0001984375
5.844000000e-007,6.328125e-005
5.846000000e-007,-0.000109375
5.848000000e-007,-0.0002359375
5.850000000e-007,-0.0001609375
5.852000000e-007,0.00041953125
5.854000000e-007,0.00018359375
5.856000000e-007,8.515625e-005
5.858000000e-007,4.6875e-006
5.860000000e-007,0.00010625
5.862000000e-007,-6.25e-006
5.864000000e-007,2.734375e-005
5.866000000e-007,0.0002
5.868000000e-007,9.21875e-005
5.870000000e-007,9.609375e-005
5.872000000e-007,7.8125e-006
5.874000000e-007,9.765625e-005
5.876000000e-007,-0.0002015625
5.878000000e-007,-9.84375e-005
5.880000000e-007,-0.00061328125
5.882000000e-007,-0.00031875
5.884000000e-007,-0.0001
5.886000000e-007,8.671875e-005
5.888000000e-007,0.00020390625
5.890000000e-007,1.328125e-005
5.892000000e-007,9.0625e-005
5.894000000e-007,9.765625e-005
5.896000000e-007,0.00018125
5.898000000e-007,0.00021484375
5.900000000e-007,0.0001796875
5.902000000e-007,0.00023515625
5.904000000e-007,-0.00016953125
5.906000000e-007,-0.00012421875
5.908000000e-007,-0.00010703125
5.910000000e-007,0.00015234375
5.912000000e-007,0.0004609375
5.914000000e-007,0.0008234375
5.916000000e-007,0.000253125
5.918000000e-007,9.6875e-005
5.920000000e-007,-7.8125e-005
5.922000000e-007,-0.00023359375
5.924000000e-007,0.00028203125
5.926000000e-007,0.00051015625
5.928000000e-007,0.00039921875
5.930000000e-007,0.000434375
5.932000000e-007,9.765625e-005
5.934000000e-007,0.00040390625
5.936000000e-007,0.0001
5.938000000e-007,0.00068359375
5.940000000e-007,0.00032109375
5.942000000e-007,0.0001
5.944000000e-007,-8.59375e-006
5.946000000e-007,-0.000203125
5.948000000e-007,0.000115625
5.950000000e-007,0.000290625
5.952000000e-007,0.00039921875
5.954000000e-007,0.00010546875
5.956000000e-007,-0.00010859375
5.958000000e-007,-0.0002015625
5.960000000e-007,-0.000303125
5.962000000e-007,-0.00019765625
5.964000000e-007,-0.00010390625
5.966000000e-007,-0.0004046875
5.968000000e-007,-0.000603125
5.970000000e-007,-0.00059921875
5.972000000e-007,-0.0005875
5.974000000e-007,1.875e-005
5.976000000e-007,9.84375e-005
5.978000000e-007,9.921875e-005
5.980000000e-007,-5.46875e-006
5.982000000e-007,7.8125e-007
5.984000000e-007,-9.921875e-005
5.986000000e-007,9.84375e-005
5.988000000e-007,0.0003203125
5.990000000e-007,0.0005
5.992000000e-007,0.0001921875
5.994000000e-007,0.00019375
5.996000000e-007,0.0002
5.998000000e-007,0.00028828125
6.000000000e-007,0.00060546875
6.002000000e-007,0.0005109375
6.004000000e-007,9.0625e-005
6.006000000e-007,1.484375e-005
6.008000000e-007,-0.00019765625
6.010000000e-007,-8.984375e-005
6.012000000e-007,-0.0003859375
6.014000000e-007,-0.00031796875
6.016000000e-007,-0.00021484375
6.018000000e-007,6.953125e-005
6.020000000e-007,0.00020390625
6.022000000e-007,-0.000125
6.024000000e-007,-0.0006796875
6.026000000e-007,-0.00046171875
6.028000000e-007,-5.390625e-005
6.030000000e-007,0.00041796875
6.032000000e-007,-4.453125e-005
6.034000000e-007,1.5625e-006
6.036000000e-007,-0.00028203125
6.038000000e-007,-0.00022421875
6.040000000e-007,-0.0001171875
6.042000000e-007,0.0004203125
6.044000000e-007,0.0004984375
6.046000000e-007,0.00021640625
6.048000000e-007,0.00019921875
6.050000000e-007,0.00010703125
6.052000000e-007,0.00010234375
6.054000000e-007,0.0001078125
6.056000000e-007,-0.00010625
6.058000000e-007,-3.125e-006
6.060000000e-007,0.00011484375
6.062000000e-007,0.0002046875
6.064000000e-007,-0.00014375
6.066000000e-007,-0.00039921875
6.068000000e-007,-0.00016484375
6.070000000e-007,0.00019296875
6.072000000e-007,0.000378125
6.074000000e-007,9.84375e-005
6.076000000e-007,0.0002015625
6.078000000e-007,-6.25e-006
6.080000000e-007,0.00018125
6.082000000e-007,0.00062421875
6.084000000e-007,0.00068984375
6.086000000e-007,0.0004609375
6.088000000e-007,2.8125e-005
6.090000000e-007,1.5625e-005
6.092000000e-007,0.00028828125
6.094000000e-007,0.0004953125
6.096000000e-007,0.0002046875
6.098000000e-007,-0.000165625
6.100000000e-007,-0.00045234375
6.102000000e-007,-0.000503125
6.104000000e-007,-0.00048125
6.106000000e-007,-0.000246875
6.108000000e-007,8.046875e-005
6.110000000e-007,0.00020078125
6.112000000e-007,2.890625e-005
6.114000000e-007,-0.00020625
6.116000000e-007,-0.00021640625
6.118000000e-007,-0.0002875
6.120000000e-007,0.0001109375
6.122000000e-007,0.0004
6.124000000e-007,0.000284375
6.126000000e-007,0.000103125
6.128000000e-007,-0.0003453125
6.130000000e-007,-0.0003984375
6.132000000e-007,-0.00047578125
6.134000000e-007,-1.328125e-005
6.136000000e-007,-7.8125e-007
6.138000000e-007,9.921875e-005
6.140000000e-007,-0.00010703125
6.142000000e-007,-0.0003046875
6.144000000e-007,-0.000203125
6.146000000e-007,-0.0002859375
6.148000000e-007,-0.00022421875
6.150000000e-007,8.75e-005
6.152000000e-007,-7.34375e-005
6.154000000e-007,-0.00020859375
6.156000000e-007,-0.00013125
6.158000000e-007,0.00011171875
6.160000000e-007,0.00031796875
6.162000000e-007,0.00015234375
6.164000000e-007,0.00046484375
6.166000000e-007,0.00021796875
6.168000000e-007,1.5625e-006
6.170000000e-007,-9.140625e-005
6.172000000e-007,-1.796875e-005
6.174000000e-007,1.09375e-005
6.176000000e-007,-8.59375e-006
6.178000000e-007,0.00011015625
6.180000000e-007,-0.00018359375
6.182000000e-007,-0.00039609375
6.184000000e-007,-0.00031171875
6.186000000e-007,-0.00018359375
6.188000000e-007,-0.0004984375
6.190000000e-007,-0.000115625
6.192000000e-007,0.00010390625
6.194000000e-007,0.00021171875
6.196000000e-007,-0.00010234375
6.198000000e-007,-0.00020234375
6.200000000e-007,-9.921875e-005
6.202000000e-007,-0.00010078125
6.204000000e-007,0.0001078125
6.206000000e-007,0.000203125
6.208000000e-007,0.000284375
6.210000000e-007,0.0001046875
6.212000000e-007,0.00039609375
6.214000000e-007,9.84375e-005
6.216000000e-007,0.0004671875
6.218000000e-007,0.0003453125
6.220000000e-007,-3.90625e-006
6.222000000e-007,0.000203125
6.224000000e-007,0.00010234375
6.226000000e-007,0.00031328125
6.228000000e-007,0.0002828125
6.230000000e-007,0.00018359375
6.232000000e-007,-5.703125e-005
6.234000000e-007,-0.000196875
6.236000000e-007,-7.5e-005
6.238000000e-007,1.640625e-005
6.240000000e-007,8.28125e-005
6.242000000e-007,-0.0001109375
6.244000000e-007,-0.0002515625
6.246000000e-007,-0.00049375
6.248000000e-007,-0.00017734375
6.250000000e-007,-9.296875e-005
6.252000000e-007,0.00013125
6.254000000e-007,7.421875e-005
6.256000000e-007,-8.4375e-005
6.258000000e-007,9.609375e-005
6.260000000e-007,-0.00025859375
6.262000000e-007,-0.0003984375
6.264000000e-007,-0.0002859375
6.266000000e-007,-8.28125e-005
6.268000000e-007,0.0003265625
6.270000000e-007,0.0003984375
6.272000000e-007,0.00040703125
6.274000000e-007,0.00050078125
6.276000000e-007,0.0001859375
6.278000000e-007,0.00019140625
6.280000000e-007,0.0004
6.282000000e-007,0.00049609375
6.284000000e-007,0.000415625
6.286000000e-007,-0.00011796875
6.288000000e-007,-0.00048046875
6.290000000e-007,-0.00063359375
6.292000000e-007,-0.00021796875
6.294000000e-007,0.000303125
6.296000000e-007,5.234375e-005
6.298000000e-007,7.03125e-006
6.300000000e-007,-0.00018671875
6.302000000e-007,-4.53125e-005
6.304000000e-007,2.421875e-005
6.306000000e-007,-0.00020703125
6.308000000e-007,7.421875e-005
6.310000000e-007,0.00011640625
6.312000000e-007,1.328125e-005
6.314000000e-007,-0.00018125
6.316000000e-007,-0.00029296875
6.318000000e-007,-0.00032890625
6.320000000e-007,8.515625e-005
6.322000000e-007,0.00029765625
6.324000000e-007,0.00030078125
6.326000000e-007,0.0002984375
6.328000000e-007,0.00030234375
6.330000000e-007,0.0002125
6.332000000e-007,0.00019765625
6.334000000e-007,0.00059375
6.336000000e-007,0.00031640625
6.338000000e-007,9.921875e-005
6.340000000e-007,9.765625e-005
6.342000000e-007,-9.21875e-005
6.344000000e-007,2.109375e-005
6.346000000e-007,0.00049140625
6.348000000e-007,0.0002984375
6.350000000e-007,0.000103125
6.352000000e-007,-0.0001234375
6.354000000e-007,-0.0002953125
6.356000000e-007,1.015625e-005
6.358000000e-007,-0.0001015625
6.360000000e-007,7.03125e-006
6.362000000e-007,9.921875e-005
6.364000000e-007,-0.00011953125
6.366000000e-007,-0.00030078125
6.368000000e-007,-0.00028984375
6.370000000e-007,0.0002203125
6.372000000e-007,0.000396875
6.374000000e-007,0.0003
6.376000000e-007,0.00041640625
6.378000000e-007,0.00040546875
6.380000000e-007,9.609375e-005
6.382000000e-007,0.00019921875
6.384000000e-007,0.00019140625
6.386000000e-007,1.5625e-006
6.388000000e-007,-0.00020390625
6.390000000e-007,-0.00029140625
6.392000000e-007,-0.0005015625
6.394000000e-007,-0.00060859375
6.396000000e-007,-0.00029296875
6.398000000e-007,-0.00020703125
6.400000000e-007,0.0001078125
6.402000000e-007,0.000103125
6.404000000e-007,0.0001953125
6.406000000e-007,0.000221875
6.408000000e-007,3.125e-006
6.410000000e-007,9.921875e-005
6.412000000e-007,-8.046875e-005
6.414000000e-007,-0.000109375
6.416000000e-007,-8.59375e-006
6.418000000e-007,0.00011015625
6.420000000e-007,-8.671875e-005
6.422000000e-007,-1.875e-005
6.424000000e-007,7.96875e-005
6.426000000e-007,0.0003140625
6.428000000e-007,-3.828125e-005
6.430000000e-007,-0.00017890625
6.432000000e-007,-0.0003875
6.434000000e-007,-0.00034453125
6.436000000e-007,-2.109375e-005
6.438000000e-007,0.00033828125
6.440000000e-007,0.00049921875
6.442000000e-007,0.000209375
6.444000000e-007,0.0003
6.446000000e-007,3.203125e-005
6.448000000e-007,-0.000309375
6.450000000e-007,-0.00030859375
6.452000000e-007,-0.00020703125
6.454000000e-007,-0.00030546875
6.456000000e-007,0.00011796875
6.458000000e-007,-9.6875e-005
6.460000000e-007,8.59375e-006
6.462000000e-007,-7.8125e-007
6.464000000e-007,0.000215625
6.466000000e-007,0.0002
6.468000000e-007,0.00019375
6.470000000e-007,9.609375e-005
6.472000000e-007,-2.890625e-005
6.474000000e-007,-0.00020390625
6.476000000e-007,-2.109375e-005
6.478000000e-007,0.0003
6.480000000e-007,0.00021171875
6.482000000e-007,0.0001453125
6.484000000e-007,-0.000425
6.486000000e-007,-9.53125e-005
6.488000000e-007,-0.00014765625
6.490000000e-007,0.00019921875
6.492000000e-007,-1.484375e-005
6.494000000e-007,8.28125e-005
6.496000000e-007,-0.00013125
6.498000000e-007,-0.000109375
6.500000000e-007,-2.421875e-005
6.502000000e-007,0.00031171875
6.504000000e-007,0.000171875
6.506000000e-007,0.000190625
6.508000000e-007,0.0001015625
6.510000000e-007,0.000203125
6.512000000e-007,0.000365625
6.514000000e-007,0.00058359375
6.516000000e-007,0.0002734375
6.518000000e-007,0.00050234375
6.520000000e-007,0.000228125
6.522000000e-007,-4.6875e-006
6.524000000e-007,0.0004296875
6.526000000e-007,1.328125e-005
6.528000000e-007,-0.00017109375
6.530000000e-007,0.00019453125
6.532000000e-007,9.921875e-005
6.534000000e-007,0.000296875
6.536000000e-007,0.0001984375
6.538000000e-007,0.00029375
6.540000000e-007,0.0002921875
6.542000000e-007,0.000428125
6.544000000e-007,1.953125e-005
6.546000000e-007,0.00016484375
6.548000000e-007,3.203125e-005
6.550000000e-007,-0.00019296875
6.552000000e-007,-0.000140625
6.554000000e-007,9.21875e-005
6.556000000e-007,7.03125e-006
6.558000000e-007,0.000190625
6.560000000e-007,0.00038984375
6.562000000e-007,0.000365625
6.564000000e-007,2.8125e-005
6.566000000e-007,8.359375e-005
6.568000000e-007,6.25e-006
6.570000000e-007,0.0001046875
6.572000000e-007,-1.328125e-005
6.574000000e-007,0.0003875
6.576000000e-007,0.000109375
6.578000000e-007,0.00028046875
6.580000000e-007,0.0002046875
6.582000000e-007,0.00028515625
6.584000000e-007,0.000303125
6.586000000e-007,9.921875e-005
6.588000000e-007,0.00040859375
6.590000000e-007,0.00061640625
6.592000000e-007,0.000196875
6.594000000e-007,-9.53125e-005
6.596000000e-007,-0.00020078125
6.598000000e-007,-0.00019921875
6.600000000e-007,-0.00050234375
6.602000000e-007,-0.00019296875
6.604000000e-007,-0.00011171875
6.606000000e-007,-0.00019765625
6.608000000e-007,1.875e-005
6.610000000e-007,9.84375e-005
6.612000000e-007,0.000125
6.614000000e-007,0.00030546875
6.616000000e-007,0.00031796875
6.618000000e-007,0.00038515625
6.620000000e-007,0.00018125
6.622000000e-007,0.0001828125
6.624000000e-007,-5.46875e-006
6.626000000e-007,9.53125e-005
6.628000000e-007,9.375e-006
6.630000000e-007,8.359375e-005
6.632000000e-007,-0.00011640625
6.634000000e-007,7.8125e-006
6.636000000e-007,3.90625e-006
6.638000000e-007,-1.71875e-005
6.640000000e-007,-0.00021171875
6.642000000e-007,-9.21875e-005
6.644000000e-007,2.109375e-005
6.646000000e-007,0.0003125
6.648000000e-007,0.0004
6.650000000e-007,0.0002703125
6.652000000e-007,-4.609375e-005
6.654000000e-007,-0.0002109375
6.656000000e-007,-0.0003953125
6.658000000e-007,-9.21875e-005
6.660000000e-007,0.000121875
6.662000000e-007,0.00019609375
6.664000000e-007,-1.796875e-005
6.666000000e-007,-0.00020234375
6.668000000e-007,-0.0004
6.670000000e-007,-0.0003
6.672000000e-007,-0.0003953125
6.674000000e-007,-0.00010390625
6.676000000e-007,-0.0002
6.678000000e-007,7.890625e-005
6.680000000e-007,0.00029921875
6.682000000e-007,0.00016640625
6.684000000e-007,-0.0002796875
6.686000000e-007,-0.00030546875
6.688000000e-007,-0.00026171875
6.690000000e-007,0.000259375
6.692000000e-007,6.015625e-005
6.694000000e-007,1.328125e-005
6.696000000e-007,-0.0002765625
6.698000000e-007,-0.000146875
6.700000000e-007,6.5625e-005
6.702000000e-007,0.00040078125
6.704000000e-007,0.0002015625
6.706000000e-007,0.00047890625
6.708000000e-007,0.0003171875
6.710000000e-007,0.0003875
6.712000000e-007,0.00031015625
6.714000000e-007,0.0002125
6.716000000e-007,0.00010234375
6.718000000e-007,0.0001109375
6.720000000e-007,-9.453125e-005
6.722000000e-007,-0.00016328125
6.724000000e-007,-0.00050078125
6.726000000e-007,-0.0001296875
6.728000000e-007,-2.22346149e-020
6.730000000e-007,0.00028984375
6.732000000e-007,0.0002984375
6.734000000e-007,0.0004
6.736000000e-007,0.000190625
6.738000000e-007,6.25e-006
6.740000000e-007,1.25e-005
6.742000000e-007,0.0003046875
6.744000000e-007,0.0001
6.746000000e-007,0.00030078125
6.748000000e-007,-0.000134375
6.750000000e-007,-0.00019140625
6.752000000e-007,0.00032734375
6.754000000e-007,0.00039921875
6.756000000e-007,0.0002953125
6.758000000e-007,-5.46875e-006
6.760000000e-007,-0.0001828125
6.762000000e-007,0.00020234375
6.764000000e-007,-7.8125e-007
6.766000000e-007,0.0003109375
6.768000000e-007,0.00029609375
6.770000000e-007,0.0002984375
6.772000000e-007,0.00019296875
6.774000000e-007,0.0001046875
6.776000000e-007,-9.84375e-005
6.778000000e-007,0.0001984375
6.780000000e-007,0.0001890625
6.782000000e-007,0.00019921875
6.784000000e-007,0.00039453125
6.786000000e-007,-8.203125e-005
6.788000000e-007,7.8125e-007
6.790000000e-007,0.00010234375
6.792000000e-007,0.00010546875
6.794000000e-007,0.00039453125
6.796000000e-007,0.000290625
6.798000000e-007,0.00010703125
6.800000000e-007,9.84375e-005
6.802000000e-007,0.00010859375
6.804000000e-007,8.59375e-005
6.806000000e-007,0.0003859375
6.808000000e-007,0.00031015625
6.810000000e-007,0.00030859375
6.812000000e-007,0.000109375
6.814000000e-007,9.53125e-005
6.816000000e-007,2.1875e-005
6.818000000e-007,-0.00018046875
6.820000000e-007,-0.00013359375
6.822000000e-007,0.00026015625
6.824000000e-007,0.00030546875
6.826000000e-007,0.00031796875
6.828000000e-007,0.00011328125
6.830000000e-007,1.015625e-005
6.832000000e-007,-9.21875e-005
6.834000000e-007,-6.328125e-005
6.836000000e-007,0.00030078125
6.838000000e-007,0.00021640625
6.840000000e-007,8.90625e-005
6.842000000e-007,-0.0003671875
6.844000000e-007,-0.00071171875
6.846000000e-007,-0.0008125
6.848000000e-007,-0.00037890625
6.850000000e-007,-0.00010859375
6.852000000e-007,0.00032890625
6.854000000e-007,0.00030390625
6.856000000e-007,0.0001859375
6.858000000e-007,9.921875e-005
6.860000000e-007,0.000209375
6.862000000e-007,0.0002
6.864000000e-007,0.00020625
6.866000000e-007,8.28125e-005
6.868000000e-007,-0.0003453125
6.870000000e-007,-0.00040390625
6.872000000e-007,-0.0003265625
6.874000000e-007,0.00010390625
6.876000000e-007,2.34375e-005
6.878000000e-007,0.000415625
6.880000000e-007,0.00024140625
6.882000000e-007,8.4375e-005
6.884000000e-007,-0.0001953125
6.886000000e-007,-0.00038359375
6.888000000e-007,-0.000178125
6.890000000e-007,-0.00032109375
6.892000000e-007,-0.0002578125
6.894000000e-007,-0.00021796875
6.896000000e-007,-0.000275
6.898000000e-007,5.234375e-005
6.900000000e-007,0.00022890625
6.902000000e-007,0.0001765625
6.904000000e-007,0.0001265625
6.906000000e-007,0.00029921875
6.908000000e-007,2.421875e-005
6.910000000e-007,-7.5e-005
6.912000000e-007,0.00039609375
6.914000000e-007,0.00049765625
6.916000000e-007,0.0005171875
6.918000000e-007,0.00050234375
6.920000000e-007,-8.90625e-005
6.922000000e-007,-0.00030078125
6.924000000e-007,-0.0001640625
6.926000000e-007,0.000190625
6.928000000e-007,0.00019375
6.930000000e-007,9.375e-006
6.932000000e-007,-0.0002984375
6.934000000e-007,-7.421875e-005
6.936000000e-007,-0.00049140625
6.938000000e-007,-0.00014765625
6.940000000e-007,-9.921875e-005
6.942000000e-007,9.0625e-005
6.944000000e-007,-8.046875e-005
6.946000000e-007,-9.0625e-005
6.948000000e-007,-0.00020390625
6.950000000e-007,8.28125e-005
6.952000000e-007,0.0003015625
6.954000000e-007,0.00028671875
6.956000000e-007,0.00028359375
6.958000000e-007,-7.34375e-005
6.960000000e-007,7.890625e-005
6.962000000e-007,-0.00013046875
6.964000000e-007,-0.0001421875
6.966000000e-007,2.96875e-005
6.968000000e-007,-0.00020625
6.970000000e-007,0.00017109375
6.972000000e-007,1.09375e-005
6.974000000e-007,-7.8125e-007
6.976000000e-007,-9.921875e-005
6.978000000e-007,7.34375e-005
6.980000000e-007,0.00039609375
6.982000000e-007,0.00049921875
6.984000000e-007,0.00049921875
6.986000000e-007,0.0003171875
6.988000000e-007,9.84375e-005
6.990000000e-007,-9.765625e-005
6.992000000e-007,6.25e-006
6.994000000e-007,0.0001
6.996000000e-007,-9.6875e-005
6.998000000e-007,9.921875e-005
7.000000000e-007,-0.0002171875
7.002000000e-007,-9.53125e-005
7.004000000e-007,0.00013125
7.006000000e-007,0.00038984375
7.008000000e-007,-8.515625e-005
7.010000000e-007,-0.00018359375
7.012000000e-007,3.046875e-005
7.014000000e-007,-0.00014609375
7.016000000e-007,-0.000359375
7.018000000e-007,5.46875e-006
7.020000000e-007,-0.00025625
7.022000000e-007,-0.0001828125
7.024000000e-007,-9.765625e-005
7.026000000e-007,-0.000225
7.028000000e-007,-0.00010078125
7.030000000e-007,0.0003015625
7.032000000e-007,-8.046875e-005
7.034000000e-007,-0.0001875
7.036000000e-007,3.125e-005
7.038000000e-007,0.00010078125
7.040000000e-007,9.765625e-005
7.042000000e-007,0.0001046875
7.044000000e-007,0.00021328125
7.046000000e-007,0.0001890625
7.048000000e-007,9.140625e-005
7.050000000e-007,9.921875e-005
7.052000000e-007,-3.125e-005
7.054000000e-007,-0.0002015625
7.056000000e-007,-6.40625e-005
7.058000000e-007,9.609375e-005
7.060000000e-007,2.03125e-005
7.062000000e-007,0.00029765625
7.064000000e-007,-0.00021875
7.066000000e-007,-0.0002
7.068000000e-007,-0.00029375
7.070000000e-007,9.21875e-005
7.072000000e-007,0.0001
7.074000000e-007,0.0003921875
7.076000000e-007,0.00020859375
7.078000000e-007,0.00013828125
7.080000000e-007,-0.00010859375
7.082000000e-007,0.00034921875
7.084000000e-007,0.00017109375
7.086000000e-007,9.140625e-005
7.088000000e-007,0.0005046875
7.090000000e-007,0.0002265625
7.092000000e-007,0.00037890625
7.094000000e-007,0.000178125
7.096000000e-007,-0.0001015625
7.098000000e-007,6.40625e-005
7.100000000e-007,0.00011875
7.102000000e-007,-0.00017734375
7.104000000e-007,-0.00012109375
7.106000000e-007,7.03125e-006
7.108000000e-007,-9.84375e-005
7.110000000e-007,-7.8125e-006
7.112000000e-007,8.90625e-005
7.114000000e-007,0.0004984375
7.116000000e-007,0.000209375
7.118000000e-007,0.0002296875
7.120000000e-007,-0.000278125
7.122000000e-007,-0.000209375
7.124000000e-007,-0.00020078125
7.126000000e-007,-7.8125e-007
7.128000000e-007,-0.00028828125
7.130000000e-007,-0.000315625
7.132000000e-007,6.25e-006
7.134000000e-007,-1.5625e-006
7.136000000e-007,0.0002171875
7.138000000e-007,0.00041015625
7.140000000e-007,9.84375e-005
7.142000000e-007,0.0001015625
7.144000000e-007,-0.0001
7.146000000e-007,0.00010078125
7.148000000e-007,6.25e-006
7.150000000e-007,0.0003
7.152000000e-007,0.00031015625
7.154000000e-007,0.00059765625
7.156000000e-007,8.28125e-005
7.158000000e-007,0.00030078125
7.160000000e-007,8.984375e-005
7.162000000e-007,-2.34375e-006
7.164000000e-007,-0.00011640625
7.166000000e-007,-0.0003046875
7.168000000e-007,-0.0002859375
7.170000000e-007,-0.000103125
7.172000000e-007,1.5625e-006
7.174000000e-007,9.921875e-005
7.176000000e-007,0.00020234375
7.178000000e-007,0.00010078125
7.180000000e-007,7.8125e-007
7.182000000e-007,1.015625e-005
7.184000000e-007,-0.00020078125
7.186000000e-007,-0.00010546875
7.188000000e-007,-0.00010390625
7.190000000e-007,-0.0001078125
7.192000000e-007,0.0002015625
7.194000000e-007,-0.0001640625
7.196000000e-007,-0.000209375
7.198000000e-007,9.21875e-005
7.200000000e-007,7.03125e-006
7.202000000e-007,8.59375e-005
7.204000000e-007,3.203125e-005
7.206000000e-007,-0.00029296875
7.208000000e-007,-0.0001140625
7.210000000e-007,-2.34375e-006
7.212000000e-007,8.203125e-005
7.214000000e-007,0.00013203125
7.216000000e-007,-0.00010859375
7.218000000e-007,0.00031953125
7.220000000e-007,0.0005078125
7.222000000e-007,0.0004984375
7.224000000e-007,0.00041484375
7.226000000e-007,0.000125
7.228000000e-007,0.0001015625
7.230000000e-007,-1.5625e-006
7.232000000e-007,0.0001
7.234000000e-007,2.5e-005
7.236000000e-007,-0.00010078125
7.238000000e-007,-8.28125e-005
7.240000000e-007,-0.0004046875
7.242000000e-007,-0.0002078125
7.244000000e-007,-0.00019921875
7.246000000e-007,8.984375e-005
7.248000000e-007,0.0003796875
7.250000000e-007,-9.453125e-005
7.252000000e-007,0.0001296875
7.254000000e-007,0.0002
7.256000000e-007,0.0001921875
7.258000000e-007,9.921875e-005
7.260000000e-007,0.00021640625
7.262000000e-007,0.00019453125
7.264000000e-007,8.59375e-005
7.266000000e-007,0.0001046875
7.268000000e-007,0.000203125
7.270000000e-007,0.000209375
7.272000000e-007,0.0002875
7.274000000e-007,8.90625e-005
7.276000000e-007,0.0001078125
7.278000000e-007,-3.125e-005
7.280000000e-007,-0.00020234375
7.282000000e-007,5.078125e-005
7.284000000e-007,0.00020390625
7.286000000e-007,-7.34375e-005
7.288000000e-007,-0.000290625
7.290000000e-007,-8.59375e-005
7.292000000e-007,-8.828125e-005
7.294000000e-007,-7.8125e-007
7.296000000e-007,-0.00014765625
7.298000000e-007,-0.00019453125
7.300000000e-007,-6.484375e-005
7.302000000e-007,-0.0001234375
7.304000000e-007,-0.00028046875
7.306000000e-007,1.484375e-005
7.308000000e-007,0.00017578125
7.310000000e-007,0.00070703125
7.312000000e-007,0.00053671875
7.314000000e-007,4.6875e-006
7.316000000e-007,-5.703125e-005
7.318000000e-007,0.000390625
7.320000000e-007,0.0006265625
7.322000000e-007,0.00089140625
7.324000000e-007,0.0007625
7.326000000e-007,0.00030546875
7.328000000e-007,0.00030078125
7.330000000e-007,0.0001515625
7.332000000e-007,-0.00010859375
7.334000000e-007,0.00018359375
7.336000000e-007,1.875e-005
7.338000000e-007,-7.578125e-005
7.340000000e-007,-0.0002875
7.342000000e-007,-0.00017890625
7.344000000e-007,7.03125e-006
7.346000000e-007,-9.765625e-005
7.348000000e-007,4.0625e-005
7.350000000e-007,0.0002390625
7.352000000e-007,0.00040234375
7.354000000e-007,0.00025859375
7.356000000e-007,0.00011015625
7.358000000e-007,1.953125e-005
7.360000000e-007,-1.015625e-005
7.362000000e-007,2.8125e-005
7.364000000e-007,-0.00019765625
7.366000000e-007,5.546875e-005
7.368000000e-007,0.00019921875
7.370000000e-007,0.0002125
7.372000000e-007,8.59375e-006
7.374000000e-007,-9.453125e-005
7.376000000e-007,-0.00019921875
7.378000000e-007,-0.000203125
7.380000000e-007,-0.0001
7.382000000e-007,-0.000196875
7.384000000e-007,-0.00020078125
7.386000000e-007,-0.00030078125
7.388000000e-007,-9.296875e-005
7.390000000e-007,-7.8125e-007
7.392000000e-007,-3.125e-006
7.394000000e-007,-0.000103125
7.396000000e-007,-0.00020546875
7.398000000e-007,-0.0003046875
7.400000000e-007,-0.00039453125
7.402000000e-007,-0.00030625
7.404000000e-007,-0.0005234375
7.406000000e-007,-0.00036640625
7.408000000e-007,-3.75e-005
7.410000000e-007,0.00033984375
7.412000000e-007,0.0006234375
7.414000000e-007,0.00060859375
7.416000000e-007,0.00052734375
7.418000000e-007,7.578125e-005
7.420000000e-007,0.0001328125
7.422000000e-007,6.328125e-005
7.424000000e-007,-0.000265625
7.426000000e-007,-0.0004125
7.428000000e-007,-0.0005078125
7.430000000e-007,-0.00037265625
7.432000000e-007,-5.78125e-005
7.434000000e-007,0.0001125
7.436000000e-007,0.000190625
7.438000000e-007,-7.03125e-006
7.440000000e-007,1.640625e-005
7.442000000e-007,0.00023359375
7.444000000e-007,0.000540625
7.446000000e-007,0.00048984375
7.448000000e-007,0.00042109375
7.450000000e-007,0.00049140625
7.452000000e-007,0.0002125
7.454000000e-007,0.00049296875
7.456000000e-007,-3.515625e-005
7.458000000e-007,-0.00010078125
7.460000000e-007,-0.0004125
7.462000000e-007,-0.0004015625
7.464000000e-007,-0.000296875
7.466000000e-007,-0.00020625
7.468000000e-007,-2.22346149e-020
7.470000000e-007,0.00010078125
7.472000000e-007,3.90625e-006
7.474000000e-007,-6.875e-005
7.476000000e-007,-0.0002921875
7.478000000e-007,-0.00021171875
7.480000000e-007,-0.00022421875
7.482000000e-007,0.0001125
7.484000000e-007,0.0002984375
7.486000000e-007,0.00037109375
7.488000000e-007,0.0005828125
7.490000000e-007,0.0004875
7.492000000e-007,-0.00014453125
7.494000000e-007,-0.000315625
7.496000000e-007,-0.00021171875
7.498000000e-007,-2.578125e-005
7.500000000e-007,1.640625e-005
7.502000000e-007,-0.000340625
7.504000000e-007,-0.000784375
7.506000000e-007,-0.0006765625
7.508000000e-007,7.96875e-005
7.510000000e-007,0.000303125
7.512000000e-007,0.00021171875
7.514000000e-007,-7.8125e-005
7.516000000e-007,-0.0001046875
7.518000000e-007,-9.375e-005
7.520000000e-007,-0.00010078125
7.522000000e-007,0.00010234375
7.524000000e-007,-9.921875e-005
7.526000000e-007,0.00018125
7.528000000e-007,0.000296875
7.530000000e-007,0.0002890625
7.532000000e-007,0.00060703125
7.534000000e-007,0.00050390625
7.536000000e-007,0.0004984375
7.538000000e-007,0.000203125
7.540000000e-007,0.00020234375
7.542000000e-007,0.00020078125
7.544000000e-007,0.00030546875
7.546000000e-007,0.00030078125
7.548000000e-007,0.00018984375
7.550000000e-007,-0.00020390625
7.552000000e-007,-0.00029140625
7.554000000e-007,-0.00020078125
7.556000000e-007,-0.0004015625
7.558000000e-007,-7.8125e-005
7.560000000e-007,0.0001921875
7.562000000e-007,-0.00010390625
7.564000000e-007,1.484375e-005
7.566000000e-007,7.8125e-007
7.568000000e-007,-0.00010390625
7.570000000e-007,-0.00010234375
7.572000000e-007,0.0004203125
7.574000000e-007,0.0003
7.576000000e-007,0.00030234375
7.578000000e-007,0.00030234375
7.580000000e-007,0.0001984375
7.582000000e-007,-9.140625e-005
7.584000000e-007,-0.000203125
7.586000000e-007,-0.00029921875
7.588000000e-007,-8.671875e-005
7.590000000e-007,0.00028671875
7.592000000e-007,0.00020625
7.594000000e-007,-6.09375e-005
7.596000000e-007,-0.000309375
7.598000000e-007,6.875e-005
7.600000000e-007,0.00010859375
7.602000000e-007,2.265625e-005
7.604000000e-007,-0.00028984375
7.606000000e-007,-0.000221875
7.608000000e-007,-0.00011015625
7.610000000e-007,0.0001328125
7.612000000e-007,0.0005796875
7.614000000e-007,0.00052109375
7.616000000e-007,0.00050234375
7.618000000e-007,0.00035234375
7.620000000e-007,0.00011171875
7.622000000e-007,-5.234375e-005
7.624000000e-007,-0.0003015625
7.626000000e-007,-2.265625e-005
7.628000000e-007,-0.0001
7.630000000e-007,8.4375e-005
7.632000000e-007,-7.03125e-006
7.634000000e-007,-9.84375e-005
7.636000000e-007,-0.0002109375
7.638000000e-007,-0.00040546875
7.640000000e-007,-8.359375e-005
7.642000000e-007,-9.53125e-005
7.644000000e-007,-0.00029296875
7.646000000e-007,-9.765625e-005
7.648000000e-007,-0.00043203125
7.650000000e-007,-0.00030234375
7.652000000e-007,0.00025234375
7.654000000e-007,0.00049921875
7.656000000e-007,0.00049765625
7.658000000e-007,0.00038828125
7.660000000e-007,5.3125e-005
7.662000000e-007,3.90625e-006
7.664000000e-007,0.00010546875
7.666000000e-007,0.00010546875
7.668000000e-007,0.0002
7.670000000e-007,9.140625e-005
7.672000000e-007,0.00012578125
7.674000000e-007,0.00019765625
7.676000000e-007,5.234375e-005
7.678000000e-007,2.109375e-005
7.680000000e-007,6.328125e-005
7.682000000e-007,-8.90625e-005
7.684000000e-007,-4.84375e-005
7.686000000e-007,-0.00029921875
7.688000000e-007,-0.00022421875
7.690000000e-007,-0.00038984375
7.692000000e-007,-0.00015
7.694000000e-007,-7.890625e-005
7.696000000e-007,-3.984375e-005
7.698000000e-007,-0.0001859375
7.700000000e-007,0.00013046875
7.702000000e-007,0.00010859375
7.704000000e-007,0.0003375
7.706000000e-007,0.0001921875
7.708000000e-007,-6.25e-006
7.710000000e-007,7.8125e-007
7.712000000e-007,-0.00022734375
7.714000000e-007,-0.00010703125
7.716000000e-007,0.000240625
7.718000000e-007,0.000315625
7.720000000e-007,-1.328125e-005
7.722000000e-007,4.6875e-006
7.724000000e-007,-0.00040625
7.726000000e-007,-0.0003265625
7.728000000e-007,-0.000209375
7.730000000e-007,-1.328125e-005
7.732000000e-007,-3.90625e-006
7.734000000e-007,0.00010703125
7.736000000e-007,-7.8125e-005
7.738000000e-007,-0.00013984375
7.740000000e-007,-6.5625e-005
7.742000000e-007,-0.00032734375
7.744000000e-007,7.1875e-005
7.746000000e-007,0.00028359375
7.748000000e-007,4.609375e-005
7.750000000e-007,-2.109375e-005
7.752000000e-007,2.578125e-005
7.754000000e-007,-0.0002765625
7.756000000e-007,-0.00013359375
7.758000000e-007,-9.21875e-005
7.760000000e-007,-1.640625e-005
7.762000000e-007,0.000109375
7.764000000e-007,-8.984375e-005
7.766000000e-007,-0.0002
7.768000000e-007,-0.00011171875
7.770000000e-007,0.0001
7.772000000e-007,-2.22346149e-020
7.774000000e-007,0.00028984375
7.776000000e-007,0.0004015625
7.778000000e-007,0.0004078125
7.780000000e-007,0.00019765625
7.782000000e-007,-2.22346149e-020
7.784000000e-007,9.921875e-005
7.786000000e-007,-9.921875e-005
7.788000000e-007,-0.00019140625
7.790000000e-007,0.00010390625
7.792000000e-007,8.828125e-005
7.794000000e-007,-2.22346149e-020
7.796000000e-007,0.00012265625
7.798000000e-007,0.0001765625
7.800000000e-007,-6.171875e-005
7.802000000e-007,0.0004078125
7.804000000e-007,3.828125e-005
7.806000000e-007,-6.25e-006
7.808000000e-007,-0.00027734375
7.810000000e-007,-0.0003890625
7.812000000e-007,-0.000159375
7.814000000e-007,-0.0002171875
7.816000000e-007,-0.00029296875
7.818000000e-007,-0.00019140625
7.820000000e-007,-0.00020703125
7.822000000e-007,-6.875e-005
7.824000000e-007,8.515625e-005
7.826000000e-007,-0.00010390625
7.828000000e-007,-0.00014296875
7.830000000e-007,-0.0003921875
7.832000000e-007,3.75e-005
7.834000000e-007,8.90625e-005
7.836000000e-007,1.484375e-005
7.838000000e-007,8.28125e-005
7.840000000e-007,-7.734375e-005
7.842000000e-007,0.0003078125
7.844000000e-007,0.00016640625
7.846000000e-007,-6.25e-006
7.848000000e-007,-0.00021484375
7.850000000e-007,-0.0001984375
7.852000000e-007,-0.00020546875
7.854000000e-007,-0.0003015625
7.856000000e-007,-0.00028984375
7.858000000e-007,-9.921875e-005
7.860000000e-007,-0.000196875
7.862000000e-007,9.375e-005
7.864000000e-007,0.0001
7.866000000e-007,0.00030625
7.868000000e-007,-9.140625e-005
7.870000000e-007,0.00013671875
7.872000000e-007,0.000221875
7.874000000e-007,-3.90625e-005
7.876000000e-007,0.00042265625
7.878000000e-007,0.00053046875
7.880000000e-007,0.00044140625
7.882000000e-007,0.00014140625
7.884000000e-007,8.125e-005
7.886000000e-007,0.00027421875
7.888000000e-007,0.0003140625
7.890000000e-007,0.00019140625
7.892000000e-007,0.00038203125
7.894000000e-007,0.00035
7.896000000e-007,-0.00015390625
7.898000000e-007,-0.00040859375
7.900000000e-007,-0.00038203125
7.902000000e-007,-0.00071328125
7.904000000e-007,-0.000125
7.906000000e-007,0.000221875
7.908000000e-007,-9.453125e-005
7.910000000e-007,1.25e-005
7.912000000e-007,-0.00037734375
7.914000000e-007,-0.00049140625
7.916000000e-007,-0.00060234375
7.918000000e-007,-0.00013203125
7.920000000e-007,0.00010234375
7.922000000e-007,-8.828125e-005
7.924000000e-007,-0.0002
7.926000000e-007,-0.000109375
7.928000000e-007,-8.59375e-006
7.930000000e-007,-0.00012265625
7.932000000e-007,0.0005015625
7.934000000e-007,0.00031171875
7.936000000e-007,-0.00020546875
7.938000000e-007,0.00010859375
7.940000000e-007,0.0001984375
7.942000000e-007,0.0001984375
7.944000000e-007,0.00010078125
7.946000000e-007,0.0002
7.948000000e-007,9.21875e-005
7.950000000e-007,0.0001
7.952000000e-007,9.921875e-005
7.954000000e-007,0.0001
7.956000000e-007,9.609375e-005
7.958000000e-007,-4.6875e-006
7.960000000e-007,-0.00010546875
7.962000000e-007,-0.000196875
7.964000000e-007,-0.00029609375
7.966000000e-007,9.765625e-005
7.968000000e-007,0.0003125
7.970000000e-007,0.00040078125
7.972000000e-007,8.59375e-005
7.974000000e-007,-0.00019375
7.976000000e-007,-0.00020078125
7.978000000e-007,-0.00038515625
7.980000000e-007,-0.00059765625
7.982000000e-007,-0.00030546875
7.984000000e-007,-0.00030078125
7.986000000e-007,-0.00020703125
7.988000000e-007,-0.00020234375
7.990000000e-007,-0.0001109375
7.992000000e-007,-1.09375e-005
7.994000000e-007,0.0001859375
7.996000000e-007,0.00020859375
7.998000000e-007,3.59375e-005
8.000000000e-007,-0.00029765625
8.002000000e-007,-0.0001125
8.004000000e-007,-0.00019765625
8.006000000e-007,0.000115625
8.008000000e-007,0.00058046875
8.010000000e-007,0.0005984375
8.012000000e-007,0.00062578125
8.014000000e-007,0.00022109375
8.016000000e-007,-0.00028125
8.018000000e-007,-0.0003296875
8.020000000e-007,-0.000109375
8.022000000e-007,0.00012421875
8.024000000e-007,0.0005
8.026000000e-007,0.00026484375
8.028000000e-007,-0.000215625
8.030000000e-007,-0.00049453125
8.032000000e-007,-0.0004953125
8.034000000e-007,-0.00031328125
8.036000000e-007,1.796875e-005
8.038000000e-007,0.0001984375
8.040000000e-007,0.00019296875
8.042000000e-007,0.00010390625
8.044000000e-007,-7.03125e-006
8.046000000e-007,-9.84375e-005
8.048000000e-007,-0.0001890625
8.050000000e-007,9.609375e-005
8.052000000e-007,6.015625e-005
8.054000000e-007,-0.0002046875
8.056000000e-007,-5.234375e-005
8.058000000e-007,-1.40625e-005
8.060000000e-007,-0.00029609375
8.062000000e-007,1.015625e-005
8.064000000e-007,-0.00011875
8.066000000e-007,-9.765625e-005
8.068000000e-007,-9.296875e-005
8.070000000e-007,1.5625e-005
8.072000000e-007,0.00030078125
8.074000000e-007,0.0004671875
8.076000000e-007,0.00016328125
8.078000000e-007,2.734375e-005
8.080000000e-007,-0.00029609375
8.082000000e-007,1.796875e-005
8.084000000e-007,4.6875e-005
8.086000000e-007,0.00045
8.088000000e-007,0.00047578125
8.090000000e-007,0.00025703125
8.092000000e-007,0.0001125
8.094000000e-007,0.00018984375
8.096000000e-007,-1.09375e-005
8.098000000e-007,0.000103125
8.100000000e-007,-4.296875e-005
8.102000000e-007,-9.84375e-005
8.104000000e-007,1.40625e-005
8.106000000e-007,1.5625e-006
8.108000000e-007,-0.0001125
8.110000000e-007,-7.03125e-006
8.112000000e-007,6.484375e-005
8.114000000e-007,-0.00039375
8.116000000e-007,-0.00017734375
8.118000000e-007,-0.00010234375
8.120000000e-007,0.00010078125
8.122000000e-007,6.25e-006
8.124000000e-007,7.03125e-006
8.126000000e-007,-0.000259375
8.128000000e-007,-0.00040390625
8.130000000e-007,-0.000375
8.132000000e-007,-0.0005859375
8.134000000e-007,-0.00054296875
8.136000000e-007,-0.000365625
8.138000000e-007,0.000115625
8.140000000e-007,0.00014375
8.142000000e-007,0.0001171875
8.144000000e-007,0.0003234375
8.146000000e-007,7.734375e-005
8.148000000e-007,-8.90625e-005
8.150000000e-007,-0.000259375
8.152000000e-007,-0.00031484375
8.154000000e-007,-0.00020390625
8.156000000e-007,-0.000209375
8.158000000e-007,-1.25e-005
8.160000000e-007,-9.453125e-005
8.162000000e-007,-0.00010546875
8.164000000e-007,-0.0001875
8.166000000e-007,-0.00041484375
8.168000000e-007,9.140625e-005
8.170000000e-007,0.00029921875
8.172000000e-007,0.00029921875
8.174000000e-007,2.890625e-005
8.176000000e-007,-0.0001984375
8.178000000e-007,-0.00019453125
8.180000000e-007,-0.0005015625
8.182000000e-007,-0.00020234375
8.184000000e-007,2.34375e-006
8.186000000e-007,-1.5625e-006
8.188000000e-007,2.109375e-005
8.190000000e-007,0.00029921875
8.192000000e-007,0.00011015625
8.194000000e-007,0.000515625
8.196000000e-007,0.00049453125
8.198000000e-007,0.000475
8.200000000e-007,-2.22346149e-020
8.202000000e-007,-0.00017890625
8.204000000e-007,0.00016640625
8.206000000e-007,7.109375e-005
8.208000000e-007,-0.00010625
8.210000000e-007,7.8125e-006
8.212000000e-007,-7.03125e-006
8.214000000e-007,7.8125e-007
8.216000000e-007,-7.8125e-007
8.218000000e-007,-0.0001296875
8.220000000e-007,-0.00029296875
8.222000000e-007,-8.4375e-005
8.224000000e-007,2.65625e-005
8.226000000e-007,0.00032421875
8.228000000e-007,0.000503125
8.230000000e-007,0.0005046875
8.232000000e-007,0.0004453125
8.234000000e-007,-2.734375e-005
8.236000000e-007,1.796875e-005
8.238000000e-007,-0.00011328125
8.240000000e-007,-0.000303125
8.242000000e-007,-0.0001984375
8.244000000e-007,-5.390625e-005
8.246000000e-007,0.00030078125
8.248000000e-007,-3.046875e-005
8.250000000e-007,-9.84375e-005
8.252000000e-007,-0.00011015625
8.254000000e-007,-0.00039921875
8.256000000e-007,-0.00050625
8.258000000e-007,-0.0006953125
8.260000000e-007,-0.0005
8.262000000e-007,-1.328125e-005
8.264000000e-007,3.125e-006
8.266000000e-007,7.109375e-005
8.268000000e-007,0.0001984375
8.270000000e-007,0.00016953125
8.272000000e-007,0.0003921875
8.274000000e-007,0.0001765625
8.276000000e-007,6.25e-006
8.278000000e-007,-7.578125e-005
8.280000000e-007,-0.0002046875
8.282000000e-007,-9.296875e-005
8.284000000e-007,-0.00021171875
8.286000000e-007,8.4375e-005
8.288000000e-007,-8.515625e-005
8.290000000e-007,0.0001296875
8.292000000e-007,0.00041328125
8.294000000e-007,-3.4375e-005
8.296000000e-007,-0.00039296875
8.298000000e-007,-0.00040546875
8.300000000e-007,-0.0004
8.302000000e-007,-0.0003265625
8.304000000e-007,7.96875e-005
8.306000000e-007,0.00022890625
8.308000000e-007,-2.22346149e-020
8.310000000e-007,0.00019375
8.312000000e-007,0.0001
8.314000000e-007,0.00029765625
8.316000000e-007,0.00010546875
8.318000000e-007,0.00019140625
8.320000000e-007,0.00019375
8.322000000e-007,9.375e-005
8.324000000e-007,0.0003015625
8.326000000e-007,0.00010703125
8.328000000e-007,0.00020078125
8.330000000e-007,0.0002984375
8.332000000e-007,0.00028515625
8.334000000e-007,0.0001015625
8.336000000e-007,0.00029765625
8.338000000e-007,-7.8125e-007
8.340000000e-007,-7.03125e-006
8.342000000e-007,-0.00040390625
8.344000000e-007,-0.00039296875
8.346000000e-007,-0.00029609375
8.348000000e-007,-9.609375e-005
8.350000000e-007,-0.0001046875
8.352000000e-007,-0.0002015625
8.354000000e-007,-9.375e-005
8.356000000e-007,0.00011640625
8.358000000e-007,0.00010390625
8.360000000e-007,-9.921875e-005
8.362000000e-007,0.0001984375
8.364000000e-007,0.00029296875
8.366000000e-007,0.00010078125
8.368000000e-007,2.34375e-006
8.370000000e-007,0.0001
8.372000000e-007,0.00010078125
8.374000000e-007,0.000390625
8.376000000e-007,0.00039609375
8.378000000e-007,0.00020859375
8.380000000e-007,-0.00010703125
8.382000000e-007,-0.00010390625
8.384000000e-007,-0.0001921875
8.386000000e-007,-0.0003953125
8.388000000e-007,-0.00031171875
8.390000000e-007,-0.0002828125
8.392000000e-007,-0.0002578125
8.394000000e-007,0.0004
8.396000000e-007,-0.000259375
8.398000000e-007,-0.0003390625
8.400000000e-007,-0.000121875
8.402000000e-007,9.609375e-005
8.404000000e-007,7.8125e-005
8.406000000e-007,0.000475
8.408000000e-007,0.00025859375
8.410000000e-007,0.00011953125
8.412000000e-007,-8.59375e-005
8.414000000e-007,-0.0001296875
8.416000000e-007,6.25e-006
8.418000000e-007,-0.0001484375
8.420000000e-007,0.00040234375
8.422000000e-007,0.0005375
8.424000000e-007,0.00018828125
8.426000000e-007,-6.875e-005
8.428000000e-007,-0.00050703125
8.430000000e-007,-0.00039921875
8.432000000e-007,-0.0004890625
8.434000000e-007,8.984375e-005
8.436000000e-007,0.00032109375
8.438000000e-007,0.0005046875
8.440000000e-007,4.765625e-005
8.442000000e-007,-0.00020078125
8.444000000e-007,-8.4375e-005
8.446000000e-007,-7.8125e-007
8.448000000e-007,-3.90625e-006
8.450000000e-007,3.90625e-006
8.452000000e-007,0.0001203125
8.454000000e-007,9.140625e-005
8.456000000e-007,5.859375e-005
8.458000000e-007,0.00027109375
8.460000000e-007,-5.78125e-005
8.462000000e-007,0.00061796875
8.464000000e-007,0.000365625
8.466000000e-007,0.0003625
8.468000000e-007,-4.296875e-005
8.470000000e-007,-3.515625e-005
8.472000000e-007,-0.000328125
8.474000000e-007,-0.00018984375
8.476000000e-007,-0.00016875
8.478000000e-007,-0.0001296875
8.480000000e-007,-0.00028359375
8.482000000e-007,4.609375e-005
8.484000000e-007,6.796875e-005
8.486000000e-007,-0.0001296875
8.488000000e-007,-0.0003546875
8.490000000e-007,-0.00037890625
8.492000000e-007,-5.9375e-005
8.494000000e-007,8.59375e-006
8.496000000e-007,9.21875e-005
8.498000000e-007,-0.000103125
8.500000000e-007,-7.890625e-005
8.502000000e-007,1.5625e-006
8.504000000e-007,-8.4375e-005
8.506000000e-007,0.000290625
8.508000000e-007,0.00051015625
8.510000000e-007,0.00059453125
8.512000000e-007,0.000578125
8.514000000e-007,0.00029921875
8.516000000e-007,0.00049921875
8.518000000e-007,7.34375e-005
8.520000000e-007,-0.00020390625
8.522000000e-007,-0.000178125
8.524000000e-007,-0.00040078125
8.526000000e-007,-0.00014453125
8.528000000e-007,-0.0001796875
8.530000000e-007,-0.0002421875
8.532000000e-007,-4.0625e-005
8.534000000e-007,0.0001578125
8.536000000e-007,0.00027734375
8.538000000e-007,0.00030390625
8.540000000e-007,-6.015625e-005
8.542000000e-007,1.328125e-005
8.544000000e-007,-0.000271875
8.546000000e-007,-5.46875e-006
8.548000000e-007,0.00019609375
8.550000000e-007,0.00035234375
8.552000000e-007,0.0005875
8.554000000e-007,0.00055390625
8.556000000e-007,0.00010859375
8.558000000e-007,0.0001921875
8.560000000e-007,1.328125e-005
8.562000000e-007,-0.0001078125
8.564000000e-007,-7.8125e-007
8.566000000e-007,-3.125e-006
8.568000000e-007,0.0002046875
8.570000000e-007,0.000296875
8.572000000e-007,0.00029921875
8.574000000e-007,0.00010234375
8.576000000e-007,-9.375e-006
8.578000000e-007,-0.0003
8.580000000e-007,-8.671875e-005
8.582000000e-007,-2.22346149e-020
8.584000000e-007,1.015625e-005
8.586000000e-007,0.000203125
8.588000000e-007,0.00019453125
8.590000000e-007,8.671875e-005
8.592000000e-007,2.65625e-005
8.594000000e-007,0.0001890625
8.596000000e-007,-4.6875e-006
8.598000000e-007,8.984375e-005
8.600000000e-007,-0.00012265625
8.602000000e-007,8.59375e-006
8.604000000e-007,-5.46875e-006
8.606000000e-007,-2.22346149e-020
8.608000000e-007,0.0001765625
8.610000000e-007,0.0003734375
8.612000000e-007,-0.00010234375
8.614000000e-007,-0.00019140625
8.616000000e-007,-7.96875e-005
8.618000000e-007,7.03125e-006
8.620000000e-007,-2.34375e-005
8.622000000e-007,-8.984375e-005
8.624000000e-007,-2.265625e-005
8.626000000e-007,-0.00029453125
8.628000000e-007,3.828125e-005
8.630000000e-007,0.00012578125
8.632000000e-007,0.0004265625
8.634000000e-007,0.00029609375
8.636000000e-007,0.0001359375
8.638000000e-007,-0.00030078125
8.640000000e-007,3.4375e-005
8.642000000e-007,-3.125e-006
8.644000000e-007,0.00012265625
8.646000000e-007,0.0003
8.648000000e-007,0.00018984375
8.650000000e-007,7.8125e-007
8.652000000e-007,-0.00020703125
8.654000000e-007,-0.00020703125
8.656000000e-007,-0.0001
8.658000000e-007,-0.0001984375
8.660000000e-007,-1.5625e-005
8.662000000e-007,0.0002265625
8.664000000e-007,-8.59375e-005
8.666000000e-007,5.390625e-005
8.668000000e-007,4.53125e-005
8.670000000e-007,-0.00013203125
8.672000000e-007,0.000140625
8.674000000e-007,0.00021953125
8.676000000e-007,0.0001078125
8.678000000e-007,9.0625e-005
8.680000000e-007,0.0001109375
8.682000000e-007,-5.46875e-006
8.684000000e-007,0.000259375
8.686000000e-007,0.00052734375
8.688000000e-007,4.765625e-005
8.690000000e-007,-0.00012109375
8.692000000e-007,7.03125e-006
8.694000000e-007,-0.0001984375
8.696000000e-007,-5.46875e-006
8.698000000e-007,4.6875e-006
8.700000000e-007,2.34375e-006
8.702000000e-007,-0.00024296875
8.704000000e-007,-0.0006
8.706000000e-007,-0.00032578125
8.708000000e-007,-0.0001015625
8.710000000e-007,0.0002890625
8.712000000e-007,0.00020546875
8.714000000e-007,0.00019453125
8.716000000e-007,0.0001953125
8.718000000e-007,9.453125e-005
8.720000000e-007,0.000415625
8.722000000e-007,0.0005046875
8.724000000e-007,0.00039921875
8.726000000e-007,0.00039921875
8.728000000e-007,0.00039375
8.730000000e-007,0.00029765625
8.732000000e-007,0.0001890625
8.734000000e-007,-2.22346149e-020
8.736000000e-007,-0.00010703125
8.738000000e-007,-0.00040390625
8.740000000e-007,-0.0004828125
8.742000000e-007,-0.00019921875
8.744000000e-007,-0.0004015625
8.746000000e-007,-0.00019140625
8.748000000e-007,-8.359375e-005
8.750000000e-007,0.00020625
8.752000000e-007,0.00018515625
8.754000000e-007,3.90625e-006
8.756000000e-007,-9.609375e-005
8.758000000e-007,9.921875e-005
8.760000000e-007,1.5625e-005
8.762000000e-007,0.0004
8.764000000e-007,-0.00011796875
8.766000000e-007,-0.00021015625
8.768000000e-007,-0.0001
8.770000000e-007,-9.765625e-005
8.772000000e-007,-9.53125e-005
8.774000000e-007,9.6875e-005
8.776000000e-007,0.0001015625
8.778000000e-007,0.00020078125
8.780000000e-007,0.00010078125
8.782000000e-007,0.0001875
8.784000000e-007,0.00020546875
8.786000000e-007,0.00018984375
8.788000000e-007,0.0002265625
8.790000000e-007,-0.00017890625
8.792000000e-007,-0.00010625
8.794000000e-007,-0.00019609375
8.796000000e-007,-0.0001
8.798000000e-007,-0.00028515625
8.800000000e-007,-0.000209375
8.802000000e-007,-0.00022421875
8.804000000e-007,0.000128125
8.806000000e-007,0.000259375
8.808000000e-007,-9.0625e-005
8.810000000e-007,5e-005
8.812000000e-007,0.00020390625
8.814000000e-007,9.765625e-005
8.816000000e-007,0.0002
8.818000000e-007,0.00020078125
8.820000000e-007,8.75e-005
8.822000000e-007,-0.0003859375
8.824000000e-007,-0.0002890625
8.826000000e-007,-0.00011015625
8.828000000e-007,0.000221875
8.830000000e-007,0.000403125
8.832000000e-007,8.125e-005
8.834000000e-007,1.484375e-005
8.836000000e-007,-0.00052734375
8.838000000e-007,-0.00040078125
8.840000000e-007,-0.0003796875
8.842000000e-007,-3.125e-006
8.844000000e-007,-1.640625e-005
8.846000000e-007,6.25e-006
8.848000000e-007,0.00024765625
8.850000000e-007,0.000396875
8.852000000e-007,0.00013671875
8.854000000e-007,7.03125e-006
8.856000000e-007,8.671875e-005
8.858000000e-007,-0.0002265625
8.860000000e-007,-0.00026640625
8.862000000e-007,3.90625e-005
8.864000000e-007,0.00020234375
8.866000000e-007,7.8125e-005
8.868000000e-007,-2.421875e-005
8.870000000e-007,-0.0001140625
8.872000000e-007,-5.546875e-005
8.874000000e-007,-0.00017578125
8.876000000e-007,-0.0004640625
8.878000000e-007,5.546875e-005
8.880000000e-007,0.000115625
8.882000000e-007,0.000321875
8.884000000e-007,0.00025
8.886000000e-007,0.00010390625
8.888000000e-007,0.0003515625
8.890000000e-007,0.00050859375
8.892000000e-007,0.000634375
8.894000000e-007,0.00069609375
8.896000000e-007,0.000325
8.898000000e-007,-0.0001
8.900000000e-007,-0.00026328125
8.902000000e-007,-0.00060703125
8.904000000e-007,8.203125e-005
8.906000000e-007,0.00021171875
8.908000000e-007,0.00010390625
8.910000000e-007,0.00029296875
8.912000000e-007,0.0002921875
8.914000000e-007,-0.00016875
8.916000000e-007,-0.000115625
8.918000000e-007,-7.65625e-005
8.920000000e-007,-0.000290625
8.922000000e-007,-0.000315625
8.924000000e-007,-0.0002140625
8.926000000e-007,2.890625e-005
8.928000000e-007,0.0002046875
8.930000000e-007,0.00016171875
8.932000000e-007,0.0004296875
8.934000000e-007,0.000546875
8.936000000e-007,0.00042109375
8.938000000e-007,0.00039375
8.940000000e-007,0.00034296875
8.942000000e-007,-4.6875e-006
8.944000000e-007,0.00033359375
8.946000000e-007,0.00051328125
8.948000000e-007,0.000490625
8.950000000e-007,0.000540625
8.952000000e-007,0.0001078125
8.954000000e-007,0.00021171875
8.956000000e-007,-0.0001875
8.958000000e-007,-0.00011015625
8.960000000e-007,-0.00010234375
8.962000000e-007,0.00019296875
8.964000000e-007,0.00019921875
8.966000000e-007,3.515625e-005
8.968000000e-007,-0.0004
8.970000000e-007,-0.000203125
8.972000000e-007,-0.00019765625
8.974000000e-007,-7.8125e-007
8.976000000e-007,-0.0001046875
8.978000000e-007,-0.00010078125
8.980000000e-007,-0.0002171875
8.982000000e-007,-0.000296875
8.984000000e-007,-8.671875e-005
8.986000000e-007,0.000128125
8.988000000e-007,0.0005296875
8.990000000e-007,0.000246875
8.992000000e-007,-4.6875e-006
8.994000000e-007,0.00010390625
8.996000000e-007,-5.234375e-005
8.998000000e-007,-8.359375e-005
9.000000000e-007,0.0001328125
9.002000000e-007,-3.75e-005
9.004000000e-007,-0.00032890625
9.006000000e-007,-0.00029296875
9.008000000e-007,-0.0001265625
9.010000000e-007,-4.0625e-005
9.012000000e-007,-0.00039296875
9.014000000e-007,2.1875e-005
9.016000000e-007,-0.00015390625
9.018000000e-007,-0.000184375
9.020000000e-007,-7.03125e-006
9.022000000e-007,-0.0002
9.024000000e-007,0.00017890625
9.026000000e-007,0.00038828125
9.028000000e-007,2.109375e-005
9.030000000e-007,-9.21875e-005
9.032000000e-007,-1.953125e-005
9.034000000e-007,-9.140625e-005
9.036000000e-007,0.00031171875
9.038000000e-007,0.0002125
9.040000000e-007,0.00072421875
9.042000000e-007,0.000496875
9.044000000e-007,0.00039609375
9.046000000e-007,0.00020078125
9.048000000e-007,-6.25e-006
9.050000000e-007,-3.90625e-006
9.052000000e-007,0.0001
9.054000000e-007,0.00019609375
9.056000000e-007,0.000203125
9.058000000e-007,4.765625e-005
9.060000000e-007,-0.0001984375
9.062000000e-007,-8.203125e-005
9.064000000e-007,-0.00030078125
9.066000000e-007,2.1875e-005
9.068000000e-007,4.765625e-005
9.070000000e-007,-8.828125e-005
9.072000000e-007,-0.0001875
9.074000000e-007,-0.0001625
9.076000000e-007,0.0002796875
9.078000000e-007,0.0001296875
9.080000000e-007,0.000103125
9.082000000e-007,-0.00015078125
9.084000000e-007,-0.0003890625
9.086000000e-007,-0.0003390625
9.088000000e-007,-3.90625e-006
9.090000000e-007,-0.0001171875
9.092000000e-007,0.0002890625
9.094000000e-007,0.0002234375
9.096000000e-007,0.000190625
9.098000000e-007,0.00032265625
9.100000000e-007,7.03125e-006
9.102000000e-007,2.1875e-005
9.104000000e-007,-0.0004
9.106000000e-007,-1.40625e-005
9.108000000e-007,-0.000103125
9.110000000e-007,0.0002875
9.112000000e-007,0.0001953125
9.114000000e-007,0.0002921875
9.116000000e-007,0.00040234375
9.118000000e-007,0.000578125
9.120000000e-007,0.0007984375
9.122000000e-007,0.00021171875
9.124000000e-007,-9.0625e-005
9.126000000e-007,9.84375e-005
9.128000000e-007,-0.00031875
9.130000000e-007,4.6875e-006
9.132000000e-007,0.00029921875
9.134000000e-007,9.765625e-005
9.136000000e-007,0.00021484375
9.138000000e-007,0.0003015625
9.140000000e-007,0.00040703125
9.142000000e-007,0.0006
9.144000000e-007,0.00037734375
9.146000000e-007,0.0001953125
9.148000000e-007,8.359375e-005
9.150000000e-007,-0.00019296875
9.152000000e-007,-0.00040078125
9.154000000e-007,-0.0002015625
9.156000000e-007,-2.22346149e-020
9.158000000e-007,-0.0001984375
9.160000000e-007,-0.000403125
9.162000000e-007,-0.00040625
9.164000000e-007,-0.00029921875
9.166000000e-007,-0.00020546875
9.168000000e-007,1.015625e-005
9.170000000e-007,0.00029765625
9.172000000e-007,8.90625e-005
9.174000000e-007,-9.375e-005
9.176000000e-007,-0.0001015625
9.178000000e-007,-8.75e-005
9.180000000e-007,-0.00020390625
9.182000000e-007,-7.03125e-006
9.184000000e-007,-9.21875e-005
9.186000000e-007,-0.00016328125
9.188000000e-007,-0.0006828125
9.190000000e-007,-0.0006203125
9.192000000e-007,-0.00067734375
9.194000000e-007,-0.0007265625
9.196000000e-007,-0.00035625
9.198000000e-007,9.375e-005
9.200000000e-007,-8.203125e-005
9.202000000e-007,7.8125e-007
9.204000000e-007,-0.0001046875
9.206000000e-007,0.0002484375
9.208000000e-007,0.0003046875
9.210000000e-007,0.000428125
9.212000000e-007,0.00069921875
9.214000000e-007,0.00033671875
9.216000000e-007,0.00030078125
9.218000000e-007,0.000221875
9.220000000e-007,-0.0001109375
9.222000000e-007,-0.000196875
9.224000000e-007,-0.00018515625
9.226000000e-007,0.00029296875
9.228000000e-007,0.00029140625
9.230000000e-007,0.00011953125
9.232000000e-007,-0.00041328125
9.234000000e-007,-3.125e-006
9.236000000e-007,0.00035
9.238000000e-007,0.00070390625
9.240000000e-007,0.00024296875
9.242000000e-007,0.0001984375
9.244000000e-007,0.0001
9.246000000e-007,0.00019765625
9.248000000e-007,9.21875e-005
9.250000000e-007,8.75e-005
9.252000000e-007,-0.00011484375
9.254000000e-007,-0.0001015625
9.256000000e-007,-6.640625e-005
9.258000000e-007,0.00023359375
9.260000000e-007,0.00044140625
9.262000000e-007,0.00048828125
9.264000000e-007,0.00037890625
9.266000000e-007,0.000115625
9.268000000e-007,-0.00020859375
9.270000000e-007,-0.00013203125
9.272000000e-007,-0.0004109375
9.274000000e-007,-2.890625e-005
9.276000000e-007,0.000259375
9.278000000e-007,0.0002796875
9.280000000e-007,5e-005
9.282000000e-007,4.6875e-006
9.284000000e-007,0.00011953125
9.286000000e-007,0.00021171875
9.288000000e-007,0.00048359375
9.290000000e-007,0.00069609375
9.292000000e-007,0.00035234375
9.294000000e-007,0.0001015625
9.296000000e-007,-0.00010078125
9.298000000e-007,2.34375e-006
9.300000000e-007,-6.71875e-005
9.302000000e-007,0.0003109375
9.304000000e-007,-0.00023125
9.306000000e-007,8.59375e-005
9.308000000e-007,0.0003015625
9.310000000e-007,0.000321875
9.312000000e-007,0.00019296875
9.314000000e-007,0.00048125
9.316000000e-007,0.0004078125
9.318000000e-007,0.00049296875
9.320000000e-007,0.000328125
9.322000000e-007,0.00011171875
9.324000000e-007,0.000103125
9.326000000e-007,6.640625e-005
9.328000000e-007,0.00026640625
9.330000000e-007,0.00026640625
9.332000000e-007,0.0004765625
9.334000000e-007,0.00033671875
9.336000000e-007,0.00039296875
9.338000000e-007,0.00026953125
9.340000000e-007,0.00065546875
9.342000000e-007,0.00055078125
9.344000000e-007,0.0004859375
9.346000000e-007,0.00054375
9.348000000e-007,1.953125e-005
9.350000000e-007,-0.00018203125
9.352000000e-007,-0.00039921875
9.354000000e-007,-0.00021484375
9.356000000e-007,-0.0002
9.358000000e-007,-0.000103125
9.360000000e-007,5.46875e-006
9.362000000e-007,0.0002234375
9.364000000e-007,-0.000303125
9.366000000e-007,-0.000109375
9.368000000e-007,0.00020546875
9.370000000e-007,0.0002015625
9.372000000e-007,-0.0002140625
9.374000000e-007,-0.00019609375
9.376000000e-007,-0.00011640625
9.378000000e-007,-0.0004015625
9.380000000e-007,-0.000175
9.382000000e-007,8.59375e-006
9.384000000e-007,0.00011640625
9.386000000e-007,0.00020859375
9.388000000e-007,0.0001625
9.390000000e-007,3.90625e-006
9.392000000e-007,0.0002734375
9.394000000e-007,0.0003984375
9.396000000e-007,0.00025
9.398000000e-007,0.00022109375
9.400000000e-007,0.00039765625
9.402000000e-007,0.000315625
9.404000000e-007,0.0005171875
9.406000000e-007,0.0003890625
9.408000000e-007,0.0002375
9.410000000e-007,-0.00023046875
9.412000000e-007,-0.0002890625
9.414000000e-007,-0.000190625
9.416000000e-007,-9.609375e-005
9.418000000e-007,1.25e-005
9.420000000e-007,0.00021171875
9.422000000e-007,8.046875e-005
9.424000000e-007,1.40625e-005
9.426000000e-007,9.6875e-005
9.428000000e-007,-0.00014375
9.430000000e-007,-0.00040625
9.432000000e-007,-0.00034140625
9.434000000e-007,0.0002109375
9.436000000e-007,0.00021953125
9.438000000e-007,0.00059921875
9.440000000e-007,0.0002890625
9.442000000e-007,0.00030078125
9.444000000e-007,-3.125e-006
9.446000000e-007,0.00028984375
9.448000000e-007,0.0003
9.450000000e-007,0.00039453125
9.452000000e-007,0.00021953125
9.454000000e-007,-0.00020390625
9.456000000e-007,8.203125e-005
9.458000000e-007,-4.453125e-005
9.460000000e-007,-0.00012109375
9.462000000e-007,3.4375e-005
9.464000000e-007,0.00023515625
9.466000000e-007,-7.734375e-005
9.468000000e-007,7.578125e-005
9.470000000e-007,2.96875e-005
9.472000000e-007,-8.28125e-005
9.474000000e-007,-0.0002265625
9.476000000e-007,0.00016953125
9.478000000e-007,0.00021796875
9.480000000e-007,3.359375e-005
9.482000000e-007,-0.00045078125
9.484000000e-007,-0.00069296875
9.486000000e-007,-0.0006484375
9.488000000e-007,-0.00011484375
9.490000000e-007,8.59375e-005
9.492000000e-007,0.00020703125
9.494000000e-007,-0.00016484375
9.496000000e-007,-0.00020625
9.498000000e-007,-0.000196875
9.500000000e-007,-0.00020078125
9.502000000e-007,-0.0001078125
9.504000000e-007,-1.5625e-006
9.506000000e-007,-2.34375e-006
9.508000000e-007,-4.6875e-006
9.510000000e-007,-0.0002
9.512000000e-007,1.328125e-005
9.514000000e-007,0.00010546875
9.516000000e-007,-2.22346149e-020
9.518000000e-007,9.765625e-005
9.520000000e-007,9.0625e-005
9.522000000e-007,7.8125e-007
9.524000000e-007,0.0001
9.526000000e-007,-0.0001015625
9.528000000e-007,-0.0002
9.530000000e-007,-0.00020078125
9.532000000e-007,-0.0003046875
9.534000000e-007,-0.0001953125
9.536000000e-007,4.6875e-006
9.538000000e-007,0.00010078125
9.540000000e-007,0.0001
9.542000000e-007,0.0001
9.544000000e-007,-3.4375e-005
9.546000000e-007,-0.00049453125
9.548000000e-007,-0.00049140625
9.550000000e-007,-3.90625e-006
9.552000000e-007,0.00043125
9.554000000e-007,0.0007
9.556000000e-007,0.00038671875
9.558000000e-007,-6.40625e-005
9.560000000e-007,-0.00050078125
9.562000000e-007,-0.00021171875
9.564000000e-007,-0.0002078125
9.566000000e-007,-0.00040078125
9.568000000e-007,-0.000190625
9.570000000e-007,-0.00017578125
9.572000000e-007,-0.0004015625
9.574000000e-007,-0.00020546875
9.576000000e-007,-0.00030234375
9.578000000e-007,-3.359375e-005
9.580000000e-007,0.00017890625
9.582000000e-007,0.0003984375
9.584000000e-007,0.0002140625
9.586000000e-007,0.00010390625
9.588000000e-007,1.796875e-005
9.590000000e-007,-0.0001015625
9.592000000e-007,0.00014296875
9.594000000e-007,0.00068203125
9.596000000e-007,0.00038671875
9.598000000e-007,5e-005
9.600000000e-007,-0.00019296875
9.602000000e-007,-0.0001078125
9.604000000e-007,-0.00019140625
9.606000000e-007,-0.00028046875
9.608000000e-007,-0.0004
9.610000000e-007,-0.00032109375
9.612000000e-007,-0.0001984375
9.614000000e-007,-0.00019609375
9.616000000e-007,-0.0003078125
9.618000000e-007,-0.00049609375
9.620000000e-007,-0.00037890625
9.622000000e-007,9.296875e-005
9.624000000e-007,0.00020703125
9.626000000e-007,0.000209375
9.628000000e-007,-0.00011328125
9.630000000e-007,-0.00019765625
9.632000000e-007,-0.00072265625
9.634000000e-007,-0.0003109375
9.636000000e-007,0.00013515625
9.638000000e-007,0.00020078125
9.640000000e-007,0.0001875
9.642000000e-007,0.00010078125
9.644000000e-007,0.0002265625
9.646000000e-007,0.000303125
9.648000000e-007,0.0002890625
9.650000000e-007,0.0001921875
9.652000000e-007,0.00022578125
9.654000000e-007,0.00016328125
9.656000000e-007,-0.000121875
9.658000000e-007,0.0001546875
9.660000000e-007,0.00010859375
9.662000000e-007,-0.00020390625
9.664000000e-007,-0.00011171875
9.666000000e-007,-0.00030703125
9.668000000e-007,7.03125e-006
9.670000000e-007,0.0003203125
9.672000000e-007,0.0002859375
9.674000000e-007,0.0003
9.676000000e-007,0.00031328125
9.678000000e-007,0.000403125
9.680000000e-007,0.0003953125
9.682000000e-007,0.00028203125
9.684000000e-007,0.00024375
9.686000000e-007,0.000390625
9.688000000e-007,-0.0001640625
9.690000000e-007,-0.00030078125
9.692000000e-007,-0.0004265625
9.694000000e-007,-0.00040703125
9.696000000e-007,-7.578125e-005
9.698000000e-007,-9.765625e-005
9.700000000e-007,1.796875e-005
9.702000000e-007,0.00019609375
9.704000000e-007,0.00030234375
9.706000000e-007,0.00031484375
9.708000000e-007,0.0002015625
9.710000000e-007,0.00036171875
9.712000000e-007,0.00059140625
9.714000000e-007,0.0006140625
9.716000000e-007,0.0005140625
9.718000000e-007,0.00032734375
9.720000000e-007,0.0002390625
9.722000000e-007,-7.96875e-005
9.724000000e-007,6.25e-005
9.726000000e-007,-2.22346149e-020
9.728000000e-007,0.0001671875
9.730000000e-007,-2.22346149e-020
9.732000000e-007,-0.00020859375
9.734000000e-007,-5.78125e-005
9.736000000e-007,0.00017734375
9.738000000e-007,0.00028046875
9.740000000e-007,0.00039609375
9.742000000e-007,0.0003984375
9.744000000e-007,0.0003140625
9.746000000e-007,-0.00016328125
9.748000000e-007,-0.00029765625
9.750000000e-007,-0.0004109375
9.752000000e-007,-7.8125e-006
9.754000000e-007,0.0002953125
9.756000000e-007,0.000296875
9.758000000e-007,-0.00016328125
9.760000000e-007,-0.00050078125
9.762000000e-007,-0.00060234375
9.764000000e-007,-0.00029453125
9.766000000e-007,-0.0003
9.768000000e-007,-0.00031015625
9.770000000e-007,-0.0004953125
9.772000000e-007,-8.59375e-005
9.774000000e-007,-0.0002
9.776000000e-007,1.09375e-005
9.778000000e-007,-0.00011171875
9.780000000e-007,-0.00020546875
9.782000000e-007,-0.0001984375
9.784000000e-007,-4.140625e-005
9.786000000e-007,0.00019609375
9.788000000e-007,0.00011953125
9.790000000e-007,0.00042109375
9.792000000e-007,0.0003625
9.794000000e-007,5.234375e-005
9.796000000e-007,-0.00018515625
9.798000000e-007,-7.8125e-007
9.800000000e-007,9.609375e-005
9.802000000e-007,0.00061015625
9.804000000e-007,0.0002109375
9.806000000e-007,-7.03125e-006
9.808000000e-007,-0.00013984375
9.810000000e-007,-0.000175
9.812000000e-007,0.00033359375
9.814000000e-007,0.0003984375
9.816000000e-007,0.00023046875
9.818000000e-007,-0.00021484375
9.820000000e-007,-8.28125e-005
9.822000000e-007,-0.00031796875
9.824000000e-007,-0.00034765625
9.826000000e-007,-2.34375e-006
9.828000000e-007,-0.0003125
9.830000000e-007,1.5625e-005
9.832000000e-007,9.53125e-005
9.834000000e-007,-2.34375e-006
9.836000000e-007,-0.0002046875
9.838000000e-007,-0.00020078125
9.840000000e-007,-0.00030625
9.842000000e-007,-0.00030625
9.844000000e-007,-0.0001
9.846000000e-007,-2.34375e-006
9.848000000e-007,7.8125e-007
9.850000000e-007,-6.953125e-005
9.852000000e-007,-0.00020625
9.854000000e-007,5.46875e-005
9.856000000e-007,0.00016875
9.858000000e-007,0.00046328125
9.860000000e-007,0.000365625
9.862000000e-007,6.484375e-005
9.864000000e-007,-0.0003046875
9.866000000e-007,0.00011953125
9.868000000e-007,0.000303125
9.870000000e-007,0.0003046875
9.872000000e-007,0.00020859375
9.874000000e-007,0.00013046875
9.876000000e-007,-0.00018125
9.878000000e-007,-0.00020078125
9.880000000e-007,-0.000378125
9.882000000e-007,-0.0005390625
9.884000000e-007,7.8125e-005
9.886000000e-007,0.00040234375
9.888000000e-007,0.00030625
9.890000000e-007,0.00014453125
9.892000000e-007,-0.00019921875
9.894000000e-007,-2.34375e-006
9.896000000e-007,-0.0002
9.898000000e-007,7.34375e-005
9.900000000e-007,0.0003
9.902000000e-007,0.00029140625
9.904000000e-007,0.00050234375
9.906000000e-007,0.00030859375
9.908000000e-007,0.00030859375
9.910000000e-007,0.0004109375
9.912000000e-007,0.0002
9.914000000e-007,0.00039921875
9.916000000e-007,0.00018671875
9.918000000e-007,0.0003046875
9.920000000e-007,0.000390625
9.922000000e-007,9.84375e-005
9.924000000e-007,-1.5625e-006
9.926000000e-007,-0.00010234375
9.928000000e-007,-0.00020078125
9.930000000e-007,7.03125e-006
9.932000000e-007,0.0004125
9.934000000e-007,0.0005921875
9.936000000e-007,0.0001640625
9.938000000e-007,1.5625e-006
9.940000000e-007,9.84375e-005
9.942000000e-007,-2.22346149e-020
9.944000000e-007,0.0001015625
9.946000000e-007,9.921875e-005
9.948000000e-007,0.00031796875
9.950000000e-007,0.0004
9.952000000e-007,0.0001921875
9.954000000e-007,-7.65625e-005
9.956000000e-007,-0.00040078125
9.958000000e-007,-0.00021015625
9.960000000e-007,1.09375e-005
9.962000000e-007,0.0003
9.964000000e-007,0.00010234375
9.966000000e-007,0.00048515625
9.968000000e-007,0.0003984375
9.970000000e-007,0.000609375
9.972000000e-007,0.0003046875
9.974000000e-007,0.00058515625
9.976000000e-007,0.0003390625
9.978000000e-007,0.000196875
9.980000000e-007,0.0002015625
9.982000000e-007,0.00012265625
9.984000000e-007,-8.59375e-005
9.986000000e-007,-0.00017578125
9.988000000e-007,-0.0003140625
9.990000000e-007,5e-005
9.992000000e-007,4.296875e-005
9.994000000e-007,-0.00010546875
9.996000000e-007,-7.8125e-006
9.998000000e-007,8.125e-005
1.000000000e-006,0.00019765625
1.000200000e-006,0.0001234375
1.000400000e-006,0.0001
1.000600000e-006,0.0001484375
1.000800000e-006,-0.00030703125
1.001000000e-006,-9.84375e-005
1.001200000e-006,-0.0004078125
1.001400000e-006,-0.00020625
1.001600000e-006,-0.00030703125
1.001800000e-006,-0.00029921875
1.002000000e-006,-0.0002796875
1.002200000e-006,-2.34375e-006
1.002400000e-006,-0.00010546875
1.002600000e-006,-2.22346149e-020
1.002800000e-006,1.09375e-005
1.003000000e-006,0.00019921875
1.003200000e-006,6.5625e-005
1.003400000e-006,7.03125e-006
1.003600000e-006,0.000225
1.003800000e-006,0.00030703125
1.004000000e-006,0.00054765625
1.004200000e-006,0.00059140625
1.004400000e-006,0.00051015625
1.004600000e-006,0.00046171875
1.004800000e-006,-8.828125e-005
1.005000000e-006,-9.21875e-005
1.005200000e-006,-0.00011328125
1.005400000e-006,-8.4375e-005
1.005600000e-006,-0.0001796875
1.005800000e-006,-0.000378125
1.006000000e-006,-0.00021328125
1.006200000e-006,-0.00038828125
1.006400000e-006,-7.03125e-006
1.006600000e-006,8.4375e-005
1.006800000e-006,-7.8125e-007
1.007000000e-006,-2.734375e-005
1.007200000e-006,-0.00019921875
1.007400000e-006,1.09375e-005
1.007600000e-006,-1.40625e-005
1.007800000e-006,9.375e-006
1.008000000e-006,0.00011640625
1.008200000e-006,9.84375e-005
1.008400000e-006,0.00011015625
1.008600000e-006,0.0001015625
1.008800000e-006,-0.0002546875
1.009000000e-006,-0.0004
1.009200000e-006,-0.00025859375
1.009400000e-006,9.765625e-005
1.009600000e-006,-3.125e-006
1.009800000e-006,9.921875e-005
1.010000000e-006,-0.00010625
1.010200000e-006,-0.00021328125
1.010400000e-006,-0.00018515625
1.010600000e-006,-0.00050078125
1.010800000e-006,-0.0002203125
1.011000000e-006,-0.0002234375
1.011200000e-006,8.203125e-005
1.011400000e-006,-5.546875e-005
1.011600000e-006,3.984375e-005
1.011800000e-006,0.0002328125
1.012000000e-006,9.21875e-005
1.012200000e-006,0.0002875
1.012400000e-006,9.6875e-005
1.012600000e-006,-6.953125e-005
1.012800000e-006,-0.0002796875
1.013000000e-006,-0.0002203125
1.013200000e-006,-0.000146875
1.013400000e-006,0.00042109375
1.013600000e-006,0.00051328125
1.013800000e-006,0.00041875
1.014000000e-006,0.00020625
1.014200000e-006,0.00011484375
1.014400000e-006,-9.296875e-005
1.014600000e-006,-0.0001125
1.014800000e-006,0.00019296875
1.015000000e-006,0.00059375
1.015200000e-006,0.00049453125
1.015400000e-006,2.96875e-005
1.015600000e-006,-0.0002
1.015800000e-006,-0.0002984375
1.016000000e-006,-0.00019375
1.016200000e-006,-1.5625e-006
1.016400000e-006,0.0001
1.016600000e-006,0.00010078125
1.016800000e-006,0.0002109375
1.017000000e-006,0.0003
1.017200000e-006,0.00031015625
1.017400000e-006,0.000390625
1.017600000e-006,0.00018203125
1.017800000e-006,0.0001859375
1.018000000e-006,-2.5e-005
1.018200000e-006,-0.0001234375
1.018400000e-006,-0.00028828125
1.018600000e-006,2.65625e-005
1.018800000e-006,8.59375e-005
1.019000000e-006,0.00011796875
1.019200000e-006,0.00016015625
1.019400000e-006,-0.0001078125
1.019600000e-006,1.796875e-005
1.019800000e-006,8.59375e-006
1.020000000e-006,9.0625e-005
1.020200000e-006,-0.00011640625
1.020400000e-006,-6.5625e-005
1.020600000e-006,0.0001
1.020800000e-006,-6.25e-006
1.021000000e-006,0.00011328125
1.021200000e-006,0.00032890625
1.021400000e-006,0.00039375
1.021600000e-006,0.0002859375
1.021800000e-006,0.00018984375
1.022000000e-006,-3.125e-006
1.022200000e-006,9.921875e-005
1.022400000e-006,0.000134375
1.022600000e-006,0.00039375
1.022800000e-006,-2.34375e-005
1.023000000e-006,-2.22346149e-020
1.023200000e-006,-0.00021015625
1.023400000e-006,-0.00029921875
1.023600000e-006,-0.00039609375
1.023800000e-006,-0.0001109375
1.024000000e-006,0.0001
1.024200000e-006,0.0004765625
1.024400000e-006,0.0005234375
1.024600000e-006,-0.0001703125
1.024800000e-006,8.046875e-005
1.025000000e-006,-7.734375e-005
1.025200000e-006,0.0001359375
1.025400000e-006,0.00019765625
1.025600000e-006,-0.00013359375
1.025800000e-006,0.0002625
1.026000000e-006,5e-005
1.026200000e-006,-0.000121875
1.026400000e-006,-4.6875e-006
1.026600000e-006,5.859375e-005
1.026800000e-006,0.00039140625
1.027000000e-006,0.00014453125
1.027200000e-006,-7.265625e-005
1.027400000e-006,-0.000396875
1.027600000e-006,-0.00020546875
1.027800000e-006,-0.00031015625
1.028000000e-006,8.359375e-005
1.028200000e-006,0.0003859375
1.028400000e-006,0.0005
1.028600000e-006,0.000265625
1.028800000e-006,-0.00028046875
1.029000000e-006,-0.00030703125
1.029200000e-006,-0.00020234375
1.029400000e-006,0.00017890625
1.029600000e-006,0.0003015625
1.029800000e-006,0.00029140625
1.030000000e-006,0.000396875
1.030200000e-006,0.00010546875
1.030400000e-006,0.00031953125
1.030600000e-006,0.000684375
1.030800000e-006,0.00069765625
1.031000000e-006,0.00020703125
1.031200000e-006,-1.640625e-005
1.031400000e-006,-0.000196875
1.031600000e-006,0.00012109375
1.031800000e-006,0.0002
1.032000000e-006,9.296875e-005
1.032200000e-006,-0.00020390625
1.032400000e-006,-0.0002890625
1.032600000e-006,-9.84375e-005
1.032800000e-006,-0.00019765625
1.033000000e-006,0.0001125
1.033200000e-006,0.00019765625
1.033400000e-006,0.000203125
1.033600000e-006,0.000165625
1.033800000e-006,-0.00029765625
1.034000000e-006,-0.00020078125
1.034200000e-006,-0.0003015625
1.034400000e-006,0.000115625
1.034600000e-006,-9.84375e-005
1.034800000e-006,-0.0003046875
1.035000000e-006,-0.000403125
1.035200000e-006,-0.0003
1.035400000e-006,-0.00039609375
1.035600000e-006,-0.00039921875
1.035800000e-006,-0.0004
1.036000000e-006,-0.0004
1.036200000e-006,-0.00040078125
1.036400000e-006,-0.0003078125
1.036600000e-006,-0.00010078125
1.036800000e-006,-0.0001171875
1.037000000e-006,0.00028046875
1.037200000e-006,0.0002046875
1.037400000e-006,0.00031015625
1.037600000e-006,9.375e-006
1.037800000e-006,0.0001046875
1.038000000e-006,-0.00025078125
1.038200000e-006,-0.00041796875
1.038400000e-006,-0.00022421875
1.038600000e-006,3.125e-005
1.038800000e-006,0.00045859375
1.039000000e-006,0.00038203125
1.039200000e-006,9.375e-006
1.039400000e-006,6.5625e-005
1.039600000e-006,0.0002015625
1.039800000e-006,0.00024375
1.040000000e-006,0.0007015625
1.040200000e-006,0.00085234375
1.040400000e-006,0.00028203125
1.040600000e-006,2.734375e-005
1.040800000e-006,-0.00040546875
1.041000000e-006,-0.0001109375
1.041200000e-006,-0.0001015625
1.041400000e-006,-7.8125e-007
1.041600000e-006,9.375e-006
1.041800000e-006,0.00019609375
1.042000000e-006,0.000196875
1.042200000e-006,0.0002984375
1.042400000e-006,0.0003890625
1.042600000e-006,0.00020078125
1.042800000e-006,0.00017890625
1.043000000e-006,2.34375e-006
1.043200000e-006,0.00022734375
1.043400000e-006,0.0001984375
1.043600000e-006,0.00018671875
1.043800000e-006,0.00010078125
1.044000000e-006,0.00021796875
1.044200000e-006,0.00018359375
1.044400000e-006,0.0001390625
1.044600000e-006,0.00028046875
1.044800000e-006,0.000121875
1.045000000e-006,0.00026796875
1.045200000e-006,-0.0002
1.045400000e-006,-0.0001734375
1.045600000e-006,-0.0001015625
1.045800000e-006,-0.00021953125
1.046000000e-006,-0.00014296875
1.046200000e-006,-2.265625e-005
1.046400000e-006,-0.00022265625
1.046600000e-006,-0.000225
1.046800000e-006,-0.00038359375
1.047000000e-006,3.671875e-005
1.047200000e-006,0.0003359375
1.047400000e-006,0.00039375
1.047600000e-006,8.90625e-005
1.047800000e-006,-0.00040625
1.048000000e-006,-0.00038125
1.048200000e-006,-0.0003
1.048400000e-006,-0.00028515625
1.048600000e-006,-0.0001984375
1.048800000e-006,-0.00016328125
1.049000000e-006,0.00020546875
1.049200000e-006,-0.00011015625
1.049400000e-006,0.00019375
1.049600000e-006,9.765625e-005
1.049800000e-006,0.0001203125
1.050000000e-006,-9.921875e-005
1.050200000e-006,9.84375e-005
1.050400000e-006,-1.40625e-005
1.050600000e-006,0.00053359375
1.050800000e-006,0.0003515625
1.051000000e-006,7.03125e-006
1.051200000e-006,9.375e-006
1.051400000e-006,-0.00010546875
1.051600000e-006,7.8125e-007
1.051800000e-006,-0.00014921875
1.052000000e-006,0.000221875
1.052200000e-006,0.0001
1.052400000e-006,-9.296875e-005
1.052600000e-006,-0.00020390625
1.052800000e-006,3.4375e-005
1.053000000e-006,0.0003953125
1.053200000e-006,0.000215625
1.053400000e-006,0.0001265625
1.053600000e-006,-0.00010234375
1.053800000e-006,0.0001859375
1.054000000e-006,1.09375e-005
1.054200000e-006,-4.6875e-006
1.054400000e-006,-7.8125e-007
1.054600000e-006,9.609375e-005
1.054800000e-006,9.53125e-005
1.055000000e-006,-0.000278125
1.055200000e-006,-0.00040078125
1.055400000e-006,-0.00030703125
1.055600000e-006,0.0002140625
1.055800000e-006,0.0004
1.056000000e-006,0.0001765625
1.056200000e-006,-0.00030234375
1.056400000e-006,-0.00019375
1.056600000e-006,-0.000196875
1.056800000e-006,0.00012265625
1.057000000e-006,0.00019921875
1.057200000e-006,0.0002015625
1.057400000e-006,6.5625e-005
1.057600000e-006,-0.000228125
1.057800000e-006,-6.875e-005
1.058000000e-006,-7.265625e-005
1.058200000e-006,-0.000275
1.058400000e-006,-3.359375e-005
1.058600000e-006,-0.0005171875
1.058800000e-006,-0.00022109375
1.059000000e-006,-0.0001
1.059200000e-006,-9.375e-005
1.059400000e-006,1.796875e-005
1.059600000e-006,9.609375e-005
1.059800000e-006,0.00011484375
1.060000000e-006,0.00016171875
1.060200000e-006,-9.375e-005
1.060400000e-006,8.75e-005
1.060600000e-006,-0.00019921875
1.060800000e-006,0.00015234375
1.061000000e-006,0.0001953125
1.061200000e-006,0.000215625
1.061400000e-006,7.8125e-005
1.061600000e-006,-0.00030390625
1.061800000e-006,-0.0001015625
1.062000000e-006,-0.00015625
1.062200000e-006,0.00051796875
1.062400000e-006,0.00037109375
1.062600000e-006,9.6875e-005
1.062800000e-006,-0.0002046875
1.063000000e-006,-0.00020078125
1.063200000e-006,-0.00051640625
1.063400000e-006,-0.00060625
1.063600000e-006,-0.0004
1.063800000e-006,-0.00021484375
1.064000000e-006,9.453125e-005
1.064200000e-006,-4.0625e-005
1.064400000e-006,-0.0002984375
1.064600000e-006,-0.00019609375
1.064800000e-006,-0.00030703125
1.065000000e-006,7.8125e-007
1.065200000e-006,0.00021015625
1.065400000e-006,5.78125e-005
1.065600000e-006,-0.00029609375
1.065800000e-006,-4.0625e-005
1.066000000e-006,-3.125e-006
1.066200000e-006,0.0001125
1.066400000e-006,-0.00017890625
1.066600000e-006,-0.00012578125
1.066800000e-006,-1.171875e-005
1.067000000e-006,0.00010546875
1.067200000e-006,-8.75e-005
1.067400000e-006,-0.0001203125
1.067600000e-006,9.375e-005
1.067800000e-006,0.00011953125
1.068000000e-006,-9.84375e-005
1.068200000e-006,7.8125e-005
1.068400000e-006,0.00010234375
1.068600000e-006,2.03125e-005
1.068800000e-006,-0.0002015625
1.069000000e-006,0.00018671875
1.069200000e-006,0.000103125
1.069400000e-006,0.000284375
1.069600000e-006,0.00039609375
1.069800000e-006,0.000203125
1.070000000e-006,0.00019375
1.070200000e-006,1.5625e-006
1.070400000e-006,0.0002
1.070600000e-006,9.375e-006
1.070800000e-006,-0.00051640625
1.071000000e-006,-0.00039375
1.071200000e-006,-0.000178125
1.071400000e-006,0.00020078125
